Group 10.txt condensed by commonality!
34
37
40
41
49
53
70
73
84
85
99
108
131
157
163
173
185
197
203
206
213
222
238
241
246
249
299
310
401
402
428
444
462
469
477
480
492
512
527
529
538
563
572
619
641
649
658
666
677
698
741
756
810
821
839
852
856
862
868
876
878
887
890
904
908
975
980
981
1
7
11
15
25
27
28
31
39
43
45
65
68
82
94
112
115
118
120
139
162
165
168
181
189
190
204
211
218
219
224
226
230
240
247
261
267
275
282
284
303
305
320
355
369
374
378
400
404
419
424
427
433
441
449
459
465
470
490
493
496
502
506
510
514
516
524
548
552
567
579
584
585
606
607
613
620
621
630
632
663
667
668
672
681
689
710
712
716
719
725
737
749
752
759
761
782
788
793
796
800
802
809
842
851
854
861
865
872
883
903
913
915
917
934
938
945
950
958
962
983
987
988
997
998
1002
1028
1091
1096
1100
1149
1182
1183
1188
1193
1218
1252
1256
1267
1292
1300
1341
1345
1385
1397
1428
1436
1438
1450
1495
1503
1507
1509
1555
1579
1604
1609
1622
1668
1669
1688
1731
1760
1833
1835
1915
1917
1933
1963
1964
1969
1982
1000
1001
1003
1004
1010
1012
1017
1022
1024
1025
1037
1046
1048
1051
1053
1061
1062
1064
1074
1079
1082
1084
1087
1088
1110
1121
1135
1150
1153
1170
1175
1180
1197
1203
1214
1224
1226
1242
1273
1276
1285
1287
1294
1308
1315
1317
1356
1366
1373
1382
1389
1390
1399
1408
1411
1423
1448
1449
1454
1465
1476
1479
1492
1499
1500
1508
1513
1538
1546
1551
1558
1577
1589
1597
1619
1620
1634
1646
1647
1652
1656
1657
1659
1662
1672
1673
1677
1679
1684
1689
1690
1702
1711
1723
1726
1730
1749
1767
1785
1794
1795
1799
1806
1811
1836
1838
1846
1852
1868
1870
1871
1880
1881
1882
1884
1890
1905
1910
1923
1954
1956
1958
1965
1987
1989
1997
2016
2022
2062
2083
2087
2137
2170
2193
2194
2219
2226
2228
2282
2300
2308
2310
2340
2375
2378
2413
2416
2417
2436
2464
2492
2509
2535
2573
2579
2587
2593
2640
2675
2677
2680
2705
2706
2744
2749
2755
2759
2810
2821
2861
2899
2905
2921
2923
2928
2955
2001
2004
2014
2027
2037
2042
2066
2079
2084
2100
2107
2109
2113
2121
2124
2127
2133
2147
2148
2169
2173
2190
2192
2196
2198
2205
2224
2236
2250
2253
2256
2261
2265
2266
2267
2272
2275
2286
2289
2291
2306
2309
2318
2324
2327
2330
2343
2346
2352
2356
2357
2363
2364
2370
2384
2385
2386
2398
2401
2407
2432
2442
2444
2455
2456
2480
2484
2491
2498
2507
2520
2523
2537
2541
2551
2562
2589
2595
2598
2602
2605
2614
2627
2628
2630
2642
2664
2698
2702
2704
2725
2738
2739
2747
2756
2758
2765
2769
2770
2782
2812
2815
2832
2838
2857
2863
2894
2914
2916
2919
2920
2922
2925
2964
2965
2972
2987
2999
3005
3017
3025
3028
3060
3068
3073
3090
3133
3135
3139
3150
3154
3161
3164
3169
3172
3176
3180
3184
3194
3199
3213
3217
3224
3240
3243
3259
3267
3291
3297
3298
3314
3335
3336
3348
3360
3370
3373
3377
3384
3394
3414
3445
3449
3452
3455
3465
3471
3476
3487
3489
3497
3510
3514
3516
3526
3531
3540
3552
3557
3562
3576
3605
3607
3618
3620
3625
3638
3645
3652
3653
3657
3658
3664
3680
3695
3698
3720
3725
3727
3741
3753
3778
3783
3831
3853
3855
3860
3867
3868
3883
3905
3909
3913
3916
3921
3927
3937
3950
3955
3967
3991
3992
3000
3038
3039
3040
3046
3079
3094
3095
3107
3111
3117
3159
3174
3185
3186
3200
3208
3218
3221
3229
3256
3262
3269
3284
3304
3306
3311
3316
3339
3380
3386
3398
3410
3440
3446
3454
3473
3523
3539
3545
3553
3558
3559
3583
3585
3587
3616
3634
3649
3662
3694
3721
3745
3747
3755
3757
3775
3786
3808
3826
3835
3852
3873
3901
3920
3951
3958
3987
4017
4022
4034
4036
4046
4060
4068
4078
4084
4131
4155
4156
4179
4184
4211
4244
4248
4262
4268
4270
4294
4317
4325
4338
4340
4346
4349
4358
4359
4366
4374
4383
4387
4390
4404
4443
4447
4452
4457
4463
4464
4466
4496
4506
4512
4515
4519
4524
4527
4529
4543
4555
4563
4571
4586
4593
4627
4634
4645
4655
4680
4681
4694
4702
4706
4709
4715
4718
4719
4720
4723
4735
4742
4743
4753
4764
4808
4831
4843
4849
4908
4932
4946
4949
4951
4957
4959
4965
4992
4996
4013
4065
4110
4111
4126
4128
4141
4143
4174
4195
4225
4232
4236
4243
4257
4267
4276
4286
4290
4291
4321
4343
4372
4381
4396
4412
4419
4424
4429
4437
4439
4448
4460
4475
4500
4502
4514
4531
4549
4567
4595
4599
4607
4620
4679
4699
4705
4733
4751
4765
4776
4798
4813
4839
4844
4861
4873
4875
4877
4897
4961
4967
4973
4985
5004
5010
5017
5025
5033
5034
5038
5043
5048
5051
5057
5065
5069
5079
5082
5085
5087
5097
5114
5125
5128
5131
5142
5157
5166
5167
5168
5171
5175
5182
5187
5189
5196
5212
5224
5228
5250
5256
5259
5260
5282
5283
5287
5292
5296
5300
5308
5309
5324
5325
5339
5343
5352
5368
5373
5395
5397
5403
5417
5418
5436
5448
5470
5480
5487
5489
5496
5498
5568
5570
5577
5578
5596
5605
5609
5611
5613
5615
5618
5620
5621
5625
5636
5645
5649
5650
5653
5673
5674
5680
5685
5687
5691
5694
5700
5703
5705
5713
5743
5748
5754
5756
5775
5780
5789
5795
5802
5809
5813
5814
5826
5836
5837
5843
5850
5865
5867
5873
5891
5892
5895
5898
5908
5936
5939
5944
5957
5965
5987
5027
5035
5120
5132
5290
5291
5294
5301
5341
5342
5438
5469
5552
5575
5590
5624
5627
5635
5655
5682
5708
5811
5831
5832
5838
5859
5918
5933
5937
6004
6010
6012
6022
6024
6035
6045
6058
6068
6098
6099
6114
6123
6139
6144
6147
6167
6186
6191
6205
6209
6214
6227
6235
6252
6257
6261
6268
6290
6315
6318
6324
6326
6330
6333
6337
6347
6348
6361
6366
6370
6376
6381
6388
6392
6393
6395
6400
6426
6432
6439
6456
6460
6468
6474
6475
6479
6486
6490
6499
6500
6513
6517
6522
6545
6550
6553
6557
6566
6577
6584
6595
6596
6599
6609
6611
6614
6623
6635
6644
6646
6647
6654
6656
6664
6676
6678
6687
6693
6697
6722
6723
6739
6740
6754
6760
6771
6776
6782
6783
6784
6789
6790
6804
6815
6826
6828
6846
6852
6874
6882
6890
6891
6896
6898
6907
6919
6941
6952
6967
6977
6989
6990
6009
6080
6118
6145
6161
6184
6198
6226
6231
6232
6237
6263
6267
6292
6300
6327
6355
6358
6367
6384
6385
6420
6423
6454
6504
6518
6539
6542
6548
6586
6606
6625
6651
6701
6711
6737
6764
6777
6781
6802
6816
6889
6906
6927
6954
7006
7077
7083
7103
7106
7110
7125
7176
7191
7194
7209
7235
7253
7268
7272
7287
7371
7400
7429
7467
7519
7536
7544
7565
7584
7607
7649
7652
7673
7685
7701
7740
7786
7800
7803
7844
7889
7004
7016
7040
7043
7047
7071
7072
7074
7079
7082
7084
7085
7086
7093
7094
7111
7119
7120
7124
7127
7137
7144
7145
7175
7177
7185
7186
7187
7188
7189
7206
7222
7224
7242
7243
7248
7249
7251
7277
7278
7294
7309
7315
7319
7321
7326
7330
7337
7343
7350
7355
7357
7367
7369
7374
7375
7376
7388
7416
7421
7461
7465
7477
7485
7496
7499
7500
7502
7510
7533
7550
7558
7564
7577
7579
7581
7587
7596
7597
7602
7608
7612
7620
7621
7636
7666
7667
7670
7678
7688
7696
7700
7702
7703
7711
7713
7726
7730
7748
7749
7753
7757
7759
7762
7763
7778
7780
7788
7791
7799
7801
7806
7810
7813
7814
7821
7827
7828
7834
7840
7851
7856
7857
7858
7865
7876
7881
7895
7900
7904
7916
7922
7929
7939
7941
7944
7948
7971
7993
7996
7997
8003
8025
8044
8046
8058
8078
8096
8107
8108
8112
8127
8129
8144
8146
8152
8171
8177
8186
8191
8196
8199
8203
8205
8208
8210
8219
8251
8256
8260
8263
8267
8279
8302
8309
8313
8314
8321
8322
8323
8324
8327
8329
8331
8336
8352
8372
8374
8396
8409
8422
8425
8436
8457
8464
8469
8486
8498
8505
8512
8516
8520
8524
8525
8533
8540
8542
8546
8564
8571
8572
8573
8579
8595
8619
8622
8626
8645
8648
8651
8665
8666
8668
8676
8677
8688
8693
8712
8726
8737
8740
8749
8754
8776
8785
8793
8794
8807
8820
8824
8831
8862
8863
8871
8883
8884
8890
8895
8899
8900
8903
8904
8905
8908
8911
8912
8922
8927
8929
8930
8944
8945
8956
8960
8965
8971
8976
8995
8998
8999
8034
8073
8076
8094
8095
8167
8184
8204
8221
8296
8342
8362
8371
8392
8419
8435
8468
8473
8487
8488
8604
8649
8715
8716
8719
8722
8725
8751
8783
8818
8829
8841
8869
8928
8962
8970
9002
9021
9036
9047
9064
9080
9106
9143
9163
9173
9188
9195
9229
9247
9250
9253
9256
9258
9275
9280
9281
9300
9304
9353
9357
9366
9376
9402
9404
9409
9411
9428
9430
9447
9453
9470
9485
9501
9510
9514
9519
9535
9540
9543
9549
9570
9578
9589
9597
9606
9613
9616
9635
9643
9653
9662
9669
9692
9710
9711
9712
9728
9731
9745
9747
9760
9771
9783
9795
9801
9810
9812
9820
9826
9842
9845
9862
9866
9879
9891
9905
9922
9925
9947
9952
9960
9974
9000
9022
9040
9042
9057
9066
9071
9085
9087
9096
9119
9120
9137
9145
9148
9157
9165
9199
9200
9223
9225
9248
9257
9268
9272
9294
9307
9338
9340
9356
9368
9375
9390
9400
9401
9412
9420
9427
9452
9458
9460
9462
9464
9477
9480
9482
9487
9498
9525
9541
9552
9571
9602
9619
9624
9637
9705
9717
9720
9742
9746
9756
9758
9761
9768
9769
9786
9806
9809
9824
9849
9859
9883
9901
9913
9914
9936
9941
9943
9951
9955
9961
9987
9990
10008
10009
10014
10030
10032
10036
10046
10059
10065
10067
10073
10077
10079
10083
10084
10087
10089
10099
10104
10119
10122
10126
10129
10135
10145
10147
10151
10160
10161
10166
10167
10168
10171
10175
10189
10195
10202
10207
10208
10222
10227
10231
10232
10240
10243
10246
10248
10249
10253
10254
10265
10275
10276
10290
10293
10304
10307
10316
10329
10331
10350
10360
10369
10380
10383
10389
10390
10395
10398
10401
10407
10410
10413
10422
10423
10424
10435
10438
10453
10456
10458
10460
10462
10489
10490
10495
10500
10507
10511
10513
10520
10528
10538
10540
10549
10565
10570
10573
10579
10580
10585
10586
10592
10596
10600
10604
10610
10612
10619
10622
10644
10651
10653
10654
10662
10669
10673
10676
10678
10686
10710
10712
10713
10733
10736
10743
10746
10754
10760
10763
10764
10770
10777
10783
10785
10789
10798
10799
10806
10808
10809
10811
10815
10821
10833
10842
10855
10858
10868
10875
10883
10884
10890
10891
10897
10898
10903
10905
10922
10931
10941
10942
10944
10950
10952
10957
10960
10970
10982
10986
10987
10995
11053
11067
11070
11084
11097
11130
11251
11271
11272
11302
11430
11442
11443
11458
11473
11484
11496
11544
11568
11590
11624
11634
11644
11648
11661
11706
11740
11771
11876
11898
11919
11978
11012
11031
11057
11118
11289
11333
11337
11363
11404
11467
11508
11537
11577
11579
11605
11613
11643
11762
11786
11798
11903
11905
11245
11548
11718
11029
11034
11051
11055
11065
11069
11078
11089
11098
11099
11109
11115
11121
11133
11137
11143
11154
11164
11166
11175
11179
11180
11181
11188
11209
11229
11230
11235
11248
11252
11260
11262
11292
11295
11297
11298
11301
11320
11322
11330
11347
11355
11359
11376
11379
11387
11412
11421
11424
11427
11433
11437
11440
11446
11447
11470
11478
11481
11493
11504
11512
11515
11517
11526
11529
11530
11542
11550
11553
11558
11561
11593
11596
11597
11608
11611
11627
11636
11638
11641
11652
11657
11684
11693
11699
11700
11701
11708
11714
11719
11726
11731
11761
11773
11779
11791
11793
11800
11813
11817
11848
11861
11864
11885
11900
11911
11915
11918
11926
11927
11933
11935
11945
11984
11989
11996
12000
12005
12015
12017
12020
12024
12029
12036
12040
12042
12044
12057
12068
12073
12083
12087
12088
12098
12104
12110
12123
12132
12136
12137
12142
12153
12157
12160
12162
12165
12166
12171
12177
12188
12200
12205
12206
12207
12212
12213
12230
12232
12243
12244
12249
12252
12262
12263
12268
12275
12281
12293
12298
12306
12310
12314
12316
12319
12331
12332
12335
12343
12346
12350
12358
12360
12363
12368
12370
12404
12409
12411
12412
12413
12426
12430
12442
12448
12451
12457
12466
12469
12470
12471
12480
12484
12488
12491
12496
12503
12510
12512
12515
12520
12523
12525
12529
12545
12557
12560
12562
12564
12579
12581
12586
12589
12597
12598
12610
12616
12619
12625
12631
12639
12648
12650
12667
12675
12683
12684
12685
12694
12705
12709
12712
12713
12716
12735
12740
12741
12750
12768
12777
12781
12794
12795
12803
12806
12807
12808
12815
12821
12825
12833
12835
12842
12845
12850
12853
12855
12865
12874
12893
12896
12900
12905
12909
12911
12912
12928
12940
12953
12954
12955
12956
12963
12966
12973
12975
12977
12981
12982
12983
12994
13140
13145
13168
13200
13204
13289
13403
13479
13602
13633
13758
13783
13854
13863
13894
13897
13991
13002
13006
13009
13024
13032
13041
13044
13046
13051
13060
13063
13064
13088
13092
13094
13095
13099
13108
13110
13118
13119
13121
13122
13124
13129
13162
13164
13166
13177
13178
13181
13182
13184
13193
13197
13205
13208
13218
13229
13234
13243
13248
13250
13251
13261
13262
13265
13274
13277
13281
13285
13288
13309
13312
13322
13328
13330
13337
13338
13341
13351
13354
13365
13367
13377
13391
13392
13397
13401
13405
13408
13414
13416
13434
13449
13465
13470
13480
13491
13496
13499
13505
13509
13512
13513
13520
13529
13535
13541
13549
13550
13555
13559
13565
13574
13577
13584
13595
13597
13598
13606
13607
13614
13615
13626
13635
13639
13641
13650
13663
13667
13674
13678
13682
13689
13700
13704
13727
13735
13738
13741
13748
13759
13762
13770
13779
13786
13789
13796
13801
13802
13805
13806
13807
13812
13813
13816
13819
13821
13822
13828
13834
13835
13836
13837
13850
13862
13867
13871
13881
13882
13883
13890
13895
13899
13900
13903
13904
13909
13928
13939
13941
13969
13970
13972
13974
13977
13978
13981
13996
14001
14004
14011
14020
14037
14046
14079
14089
14096
14116
14132
14134
14135
14148
14153
14171
14179
14182
14191
14214
14230
14240
14256
14257
14269
14270
14272
14305
14315
14317
14322
14347
14355
14358
14361
14364
14375
14392
14434
14453
14483
14497
14514
14561
14562
14573
14585
14599
14608
14616
14620
14635
14648
14658
14669
14686
14709
14741
14780
14815
14816
14827
14864
14866
14893
14900
14902
14903
14908
14913
14928
14938
14996
14997
14000
14005
14022
14028
14062
14069
14074
14097
14098
14099
14109
14110
14118
14147
14156
14157
14163
14175
14176
14181
14186
14189
14199
14203
14239
14247
14259
14285
14301
14307
14314
14316
14326
14330
14340
14349
14407
14413
14418
14420
14445
14449
14452
14464
14474
14531
14535
14544
14558
14587
14590
14628
14636
14637
14654
14671
14683
14687
14691
14704
14718
14719
14732
14748
14759
14771
14791
14796
14805
14818
14826
14829
14840
14853
14854
14857
14863
14874
14881
14907
14934
14948
14962
14973
14982
15000
15006
15013
15018
15023
15033
15035
15037
15042
15043
15057
15061
15067
15068
15069
15070
15074
15081
15091
15095
15101
15107
15110
15121
15130
15133
15135
15137
15139
15144
15150
15151
15152
15155
15162
15173
15175
15178
15182
15188
15204
15206
15209
15211
15213
15215
15216
15219
15226
15233
15252
15253
15264
15271
15282
15291
15297
15302
15303
15306
15307
15311
15314
15325
15333
15336
15353
15355
15357
15364
15365
15368
15376
15384
15401
15403
15406
15409
15410
15433
15434
15443
15451
15454
15455
15460
15464
15465
15468
15482
15498
15500
15502
15513
15517
15518
15519
15521
15541
15543
15545
15546
15549
15550
15563
15566
15571
15578
15583
15588
15590
15606
15614
15617
15628
15630
15636
15637
15641
15647
15653
15656
15661
15665
15667
15679
15680
15681
15683
15686
15688
15728
15731
15732
15736
15737
15739
15743
15746
15758
15759
15764
15774
15780
15788
15789
15798
15800
15805
15814
15818
15827
15828
15837
15840
15845
15846
15850
15858
15875
15878
15881
15891
15896
15911
15913
15914
15915
15917
15921
15927
15928
15929
15930
15940
15943
15944
15945
15950
15954
15957
15966
15968
15990
15991
15995
16004
16008
16019
16026
16030
16038
16040
16041
16043
16064
16088
16090
16093
16096
16097
16100
16107
16110
16114
16116
16117
16126
16138
16142
16171
16176
16195
16197
16206
16223
16226
16227
16255
16262
16263
16279
16280
16289
16302
16310
16315
16318
16323
16333
16335
16342
16345
16354
16356
16362
16370
16371
16377
16378
16383
16387
16409
16415
16420
16424
16425
16434
16436
16437
16439
16441
16448
16451
16453
16456
16462
16469
16470
16471
16472
16473
16481
16487
16489
16492
16494
16495
16500
16501
16508
16512
16516
16520
16521
16526
16533
16534
16549
16551
16556
16567
16568
16577
16578
16584
16593
16594
16604
16607
16612
16613
16615
16623
16624
16634
16636
16639
16647
16652
16665
16667
16669
16674
16677
16679
16681
16683
16687
16699
16703
16705
16717
16721
16725
16730
16731
16733
16738
16757
16761
16770
16774
16778
16786
16790
16813
16821
16828
16833
16839
16843
16844
16847
16849
16850
16855
16861
16865
16871
16872
16875
16876
16880
16898
16899
16900
16905
16932
16942
16950
16951
16953
16961
16970
16985
16993
16997
17005
17011
17013
17014
17021
17078
17109
17133
17176
17185
17201
17247
17252
17285
17299
17313
17419
17441
17445
17462
17521
17566
17582
17591
17622
17623
17658
17660
17670
17801
17830
17831
17838
17869
17899
17906
17912
17920
17942
17951
17987
17001
17004
17006
17016
17019
17028
17070
17085
17091
17098
17099
17120
17132
17135
17138
17142
17168
17170
17184
17189
17207
17237
17244
17248
17250
17257
17259
17263
17265
17273
17275
17279
17281
17289
17302
17306
17316
17319
17322
17335
17337
17340
17344
17347
17352
17353
17361
17368
17378
17384
17385
17392
17398
17401
17405
17412
17413
17423
17424
17454
17456
17492
17516
17518
17520
17535
17539
17549
17557
17559
17565
17579
17583
17594
17596
17612
17613
17616
17619
17637
17644
17645
17648
17651
17652
17666
17675
17682
17691
17693
17706
17707
17708
17738
17742
17743
17746
17750
17753
17757
17760
17761
17762
17769
17772
17780
17793
17794
17834
17837
17839
17840
17841
17842
17852
17876
17884
17890
17893
17894
17901
17905
17910
17914
17917
17930
17931
17967
17975
17977
17984
17986
17988
17990
18004
18007
18010
18017
18022
18025
18059
18062
18067
18078
18085
18089
18097
18103
18110
18112
18143
18144
18148
18150
18157
18158
18163
18164
18170
18171
18174
18177
18179
18184
18200
18203
18205
18206
18213
18222
18229
18239
18245
18253
18264
18266
18272
18279
18280
18289
18296
18301
18306
18313
18314
18325
18327
18330
18331
18340
18342
18356
18357
18363
18373
18380
18381
18389
18393
18395
18400
18401
18403
18405
18407
18413
18423
18427
18430
18431
18444
18448
18450
18451
18452
18453
18457
18466
18467
18517
18524
18528
18533
18539
18573
18575
18580
18581
18583
18585
18600
18601
18607
18608
18610
18612
18632
18642
18644
18646
18650
18659
18661
18672
18677
18682
18686
18690
18714
18715
18723
18728
18730
18734
18740
18751
18754
18756
18760
18764
18766
18768
18776
18782
18801
18803
18805
18809
18812
18823
18827
18832
18833
18843
18845
18878
18886
18894
18912
18913
18923
18928
18963
18969
18970
18971
18973
18981
18989
18991
18995
18999
19001
19036
19043
19044
19057
19104
19118
19147
19188
19199
19203
19229
19274
19300
19322
19326
19342
19347
19391
19426
19432
19464
19466
19472
19477
19514
19528
19535
19546
19572
19674
19696
19700
19705
19722
19745
19775
19787
19795
19882
19889
19927
19959
19971
19978
19982
19983
19002
19026
19038
19041
19075
19084
19106
19138
19141
19159
19177
19186
19187
19190
19223
19228
19235
19265
19314
19320
19354
19394
19422
19480
19495
19515
19550
19557
19609
19618
19629
19630
19641
19663
19678
19679
19707
19714
19734
19755
19784
19838
19844
19865
19890
19920
19931
19941
19948
19056
19132
19200
19258
19276
19291
19356
19393
19491
19516
19521
19680
19729
19741
19794
19809
19849
19860
19933
19006
19047
19052
19080
19095
19174
19214
19218
19226
19409
19416
19456
19533
19588
19740
19770
19786
19789
19792
19828
19943
19956
19961
19980
19986
19074
19093
19116
19161
19236
19275
19316
19335
19340
19375
19382
19389
19486
19523
19551
19558
19581
19713
19829
19848
19850
19915
19940
19955
19992
19997
19004
19028
19040
19576
19670
19698
19936
19973
20001
20012
20013
20019
20029
20033
20039
20048
20052
20059
20076
20079
20082
20085
20091
20096
20097
20098
20113
20118
20135
20144
20155
20156
20157
20161
20166
20168
20190
20196
20210
20211
20212
20214
20215
20216
20222
20228
20231
20232
20239
20252
20264
20268
20276
20280
20297
20307
20312
20313
20318
20321
20331
20334
20349
20352
20357
20361
20362
20365
20369
20376
20386
20395
20400
20408
20410
20421
20436
20439
20440
20446
20452
20457
20462
20464
20466
20471
20472
20480
20500
20501
20502
20503
20506
20513
20525
20527
20528
20534
20540
20544
20550
20555
20556
20563
20564
20578
20587
20598
20613
20614
20620
20628
20637
20651
20653
20655
20660
20667
20679
20689
20694
20698
20701
20705
20707
20710
20711
20727
20728
20733
20740
20743
20753
20758
20769
20772
20781
20789
20800
20801
20807
20820
20828
20831
20835
20846
20848
20849
20850
20851
20859
20861
20868
20881
20894
20901
20902
20904
20907
20914
20937
20943
20949
20954
20958
20972
20977
20978
20984
20989
20994
20995
20997
20998
21025
21047
21060
21073
21090
21139
21152
21172
21213
21243
21283
21314
21323
21334
21376
21386
21398
21400
21407
21446
21454
21469
21607
21641
21757
21763
21804
21805
21828
21845
21847
21849
21855
21926
21940
21941
21000
21002
21004
21009
21010
21011
21014
21019
21020
21026
21033
21036
21042
21044
21052
21056
21081
21086
21095
21099
21107
21124
21127
21137
21141
21146
21161
21164
21167
21168
21171
21175
21178
21180
21187
21190
21192
21197
21207
21208
21211
21217
21235
21240
21248
21255
21259
21264
21265
21266
21269
21277
21287
21292
21293
21297
21311
21338
21339
21349
21350
21356
21360
21365
21367
21377
21379
21392
21404
21408
21425
21429
21430
21431
21433
21436
21450
21452
21474
21477
21495
21502
21514
21520
21527
21529
21541
21543
21545
21559
21562
21563
21572
21595
21599
21600
21609
21616
21626
21645
21648
21660
21677
21686
21701
21704
21705
21718
21720
21744
21745
21747
21751
21773
21774
21786
21803
21831
21835
21839
21846
21859
21864
21865
21885
21891
21904
21907
21908
21912
21914
21915
21924
21925
21932
21951
21955
21961
21966
21969
21983
21999
22000
22007
22010
22017
22019
22025
22039
22040
22043
22060
22071
22075
22084
22107
22113
22127
22137
22150
22153
22159
22163
22181
22205
22233
22236
22241
22250
22251
22256
22259
22274
22284
22288
22292
22294
22301
22304
22305
22313
22314
22330
22335
22364
22369
22374
22379
22396
22406
22412
22423
22425
22445
22446
22451
22482
22486
22492
22497
22502
22509
22516
22522
22553
22565
22566
22577
22614
22626
22635
22656
22662
22663
22683
22686
22692
22715
22725
22735
22745
22749
22772
22820
22823
22840
22861
22867
22882
22886
22923
22964
22984
22988
22999
22024
22034
22053
22057
22089
22094
22098
22126
22130
22143
22239
22240
22245
22258
22267
22278
22303
22332
22353
22381
22392
22400
22402
22407
22416
22418
22431
22465
22524
22529
22579
22609
22621
22636
22682
22688
22700
22717
22718
22728
22738
22755
22765
22815
22817
22826
22848
22852
22854
22891
22893
22894
22927
22954
22966
22969
22978
22986
23005
23009
23014
23015
23025
23027
23034
23043
23063
23074
23077
23093
23096
23116
23121
23122
23123
23124
23129
23146
23164
23166
23168
23178
23189
23207
23224
23233
23242
23246
23249
23250
23255
23261
23263
23272
23273
23277
23304
23314
23317
23320
23321
23342
23344
23352
23362
23373
23375
23386
23388
23392
23397
23406
23412
23422
23428
23442
23450
23459
23469
23476
23487
23494
23500
23513
23518
23521
23523
23527
23529
23534
23542
23545
23548
23549
23558
23577
23585
23590
23600
23618
23621
23631
23633
23640
23645
23664
23673
23681
23684
23704
23709
23712
23715
23717
23726
23737
23738
23743
23745
23752
23754
23762
23772
23777
23778
23783
23788
23833
23837
23840
23848
23854
23860
23863
23870
23898
23914
23922
23938
23941
23942
23944
23947
23950
23951
23961
23963
23968
23979
23993
23998
23010
23020
23032
23051
23054
23084
23099
23126
23188
23193
23327
23348
23410
23464
23465
23479
23512
23573
23576
23586
23593
23596
23649
23691
23761
23804
23805
23809
23847
23910
23915
23983
23997
24006
24028
24040
24056
24058
24067
24069
24077
24082
24087
24097
24100
24107
24117
24130
24133
24137
24151
24152
24154
24161
24171
24178
24188
24190
24201
24206
24213
24220
24227
24238
24251
24252
24254
24266
24269
24274
24277
24289
24301
24302
24315
24318
24331
24334
24349
24357
24358
24361
24363
24368
24380
24397
24401
24407
24411
24415
24417
24423
24431
24455
24484
24488
24505
24519
24521
24534
24540
24541
24544
24547
24549
24554
24557
24577
24579
24590
24593
24603
24619
24620
24637
24649
24654
24657
24669
24678
24682
24702
24704
24705
24729
24735
24741
24742
24746
24748
24756
24757
24764
24776
24789
24793
24828
24829
24830
24831
24833
24836
24857
24898
24919
24935
24938
24942
24948
24958
24968
24974
24979
24982
24988
24991
24128
24134
24184
24192
24195
24217
24226
24232
24234
24237
24285
24288
24306
24307
24330
24339
24347
24348
24393
24436
24444
24450
24462
24467
24503
24504
24573
24595
24610
24617
24633
24636
24666
24673
24695
24734
24780
24797
24824
24848
24856
24867
24873
24891
24917
24933
24939
24992
25002
25018
25033
25035
25051
25063
25078
25104
25112
25131
25134
25147
25155
25157
25160
25164
25171
25175
25177
25180
25183
25194
25196
25223
25224
25250
25252
25258
25268
25272
25276
25284
25292
25294
25310
25324
25325
25329
25336
25344
25348
25349
25354
25367
25375
25390
25410
25418
25420
25426
25432
25434
25436
25440
25442
25468
25478
25481
25482
25485
25491
25508
25518
25520
25533
25536
25546
25559
25563
25574
25575
25581
25582
25587
25594
25596
25599
25601
25604
25607
25616
25617
25621
25628
25632
25663
25681
25684
25687
25691
25693
25697
25710
25711
25731
25735
25741
25744
25758
25784
25790
25791
25794
25799
25801
25803
25816
25818
25827
25829
25831
25832
25838
25839
25840
25847
25852
25880
25891
25901
25902
25923
25928
25933
25934
25960
25974
25025
25071
25116
25170
25201
25247
25330
25337
25346
25359
25407
25431
25449
25469
25497
25526
25554
25565
25654
25688
25725
25788
25797
25830
25834
25845
25846
25863
25877
25906
25955
25961
25965
25984
25985
25993
26015
26113
26133
26171
26318
26350
26406
26408
26535
26536
26594
26637
26676
26692
26796
26832
26837
26899
26967
26000
26006
26012
26013
26030
26041
26060
26066
26069
26073
26079
26080
26083
26084
26087
26095
26097
26103
26106
26108
26120
26128
26129
26136
26137
26146
26152
26153
26159
26165
26168
26178
26180
26209
26213
26229
26240
26243
26248
26258
26259
26279
26284
26286
26288
26294
26298
26302
26310
26329
26331
26332
26335
26336
26340
26346
26351
26361
26371
26375
26382
26383
26391
26395
26399
26402
26403
26410
26412
26417
26423
26436
26447
26458
26470
26482
26490
26501
26502
26510
26513
26520
26527
26531
26540
26553
26554
26555
26562
26568
26573
26577
26578
26580
26586
26595
26600
26604
26610
26614
26617
26622
26623
26641
26643
26651
26656
26671
26672
26675
26677
26681
26684
26700
26706
26707
26708
26713
26727
26730
26738
26745
26750
26751
26758
26762
26770
26779
26784
26788
26792
26797
26823
26831
26838
26839
26840
26846
26857
26860
26866
26873
26875
26876
26877
26881
26902
26903
26907
26910
26927
26930
26935
26942
26946
26957
26958
26960
26976
26977
26980
27026
27037
27049
27055
27058
27076
27094
27102
27117
27128
27169
27180
27202
27205
27221
27224
27225
27233
27245
27262
27272
27277
27288
27299
27326
27328
27333
27353
27414
27445
27450
27472
27482
27503
27509
27510
27516
27550
27560
27583
27590
27617
27624
27630
27641
27645
27656
27686
27687
27691
27695
27696
27700
27707
27709
27715
27722
27730
27763
27765
27785
27788
27791
27807
27811
27821
27827
27830
27834
27839
27853
27857
27868
27889
27898
27907
27909
27935
27943
27953
27980
27985
27998
27024
27027
27040
27053
27056
27059
27062
27075
27080
27084
27089
27108
27139
27165
27167
27173
27186
27216
27227
27247
27337
27340
27346
27388
27394
27397
27412
27423
27434
27440
27446
27455
27473
27476
27500
27508
27514
27518
27523
27530
27533
27551
27556
27571
27572
27584
27598
27606
27610
27618
27627
27632
27646
27663
27671
27681
27706
27714
27739
27752
27755
27759
27761
27773
27775
27784
27836
27875
27893
27910
27932
27967
28045
28089
28129
28131
28145
28188
28276
28321
28381
28459
28464
28541
28564
28595
28610
28661
28677
28770
28780
28785
28789
28819
28861
28935
28985
28007
28009
28025
28038
28055
28058
28081
28093
28097
28098
28104
28113
28126
28128
28134
28147
28154
28156
28157
28162
28163
28168
28171
28174
28183
28185
28190
28198
28216
28223
28227
28228
28234
28238
28243
28247
28266
28267
28269
28274
28283
28284
28291
28293
28297
28298
28308
28311
28319
28332
28346
28352
28363
28372
28382
28400
28412
28425
28432
28434
28442
28453
28460
28461
28472
28486
28488
28489
28493
28511
28514
28518
28529
28532
28554
28558
28562
28566
28567
28575
28585
28586
28590
28599
28603
28619
28625
28645
28646
28647
28649
28650
28673
28690
28693
28696
28715
28716
28737
28743
28744
28747
28754
28767
28771
28808
28823
28830
28834
28835
28838
28869
28884
28886
28887
28892
28894
28895
28905
28909
28918
28929
28930
28946
28953
28959
28975
29049
29060
29064
29069
29089
29090
29091
29094
29105
29123
29124
29132
29140
29151
29162
29173
29206
29208
29212
29215
29222
29225
29226
29232
29234
29237
29255
29262
29266
29289
29293
29298
29310
29320
29331
29336
29385
29390
29403
29404
29409
29414
29422
29427
29451
29453
29492
29507
29514
29533
29547
29565
29590
29607
29612
29636
29642
29644
29646
29653
29680
29688
29689
29693
29717
29721
29735
29736
29747
29755
29757
29770
29782
29788
29796
29804
29816
29854
29855
29864
29868
29880
29895
29905
29906
29917
29928
29931
29948
29977
29996
29004
29021
29036
29037
29080
29125
29127
29137
29152
29163
29169
29183
29186
29191
29207
29209
29223
29244
29250
29272
29303
29317
29325
29330
29343
29361
29375
29395
29436
29440
29443
29457
29475
29483
29490
29495
29506
29545
29551
29557
29563
29569
29572
29625
29643
29650
29656
29704
29710
29711
29712
29727
29739
29763
29767
29768
29775
29794
29809
29819
29821
29822
29825
29836
29851
29852
29858
29872
29876
29879
29883
29926
29932
29973
29980
30005
30008
30057
30061
30071
30073
30075
30076
30086
30107
30111
30127
30130
30136
30139
30141
30142
30161
30173
30218
30242
30289
30290
30318
30324
30330
30331
30337
30350
30362
30377
30435
30448
30458
30459
30474
30490
30551
30561
30564
30572
30585
30607
30613
30617
30618
30622
30641
30654
30704
30744
30776
30779
30799
30807
30810
30843
30855
30859
30875
30876
30880
30883
30892
30902
30907
30908
30912
30917
30938
30939
30940
30983
30058
30072
30122
30166
30195
30271
30275
30357
30452
30498
30545
30574
30581
30584
30594
30655
30848
30002
30007
30022
30027
30067
30100
30137
30188
30194
30204
30219
30233
30237
30240
30248
30256
30257
30262
30265
30280
30295
30299
30306
30317
30366
30371
30384
30400
30402
30416
30420
30439
30446
30454
30461
30464
30468
30489
30494
30503
30519
30556
30557
30559
30566
30576
30577
30603
30608
30619
30631
30633
30645
30648
30649
30670
30679
30681
30709
30711
30747
30748
30787
30791
30802
30806
30821
30827
30836
30846
30850
30854
30861
30862
30868
30870
30882
30887
30896
30897
30909
30913
30915
30919
30931
30936
30981
30985
31092
31098
31114
31169
31206
31220
31227
31326
31375
31473
31549
31570
31644
31863
31876
31886
31951
31021
31089
31110
31138
31147
31152
31161
31172
31280
31323
31324
31332
31354
31397
31506
31513
31552
31641
31741
31761
31956
31983
31001
31030
31031
31048
31059
31066
31072
31078
31085
31087
31107
31109
31112
31113
31122
31135
31143
31155
31171
31178
31180
31182
31184
31188
31190
31191
31215
31218
31229
31231
31245
31246
31248
31250
31259
31261
31269
31272
31273
31278
31291
31301
31302
31303
31306
31314
31315
31317
31358
31359
31363
31365
31367
31391
31396
31404
31408
31409
31432
31434
31436
31438
31440
31449
31458
31459
31475
31482
31485
31494
31498
31501
31503
31505
31510
31525
31529
31530
31539
31545
31555
31578
31579
31586
31587
31601
31602
31617
31638
31640
31646
31654
31655
31658
31660
31667
31681
31689
31708
31711
31721
31725
31729
31733
31737
31742
31746
31755
31758
31759
31765
31778
31779
31784
31790
31795
31805
31816
31830
31832
31834
31835
31855
31860
31878
31879
31887
31888
31894
31895
31896
31911
31919
31924
31942
31950
31952
31963
31970
31973
31974
31990
32007
32018
32021
32026
32067
32085
32101
32104
32106
32109
32112
32113
32133
32156
32184
32186
32202
32208
32215
32216
32219
32221
32231
32232
32247
32259
32264
32279
32281
32298
32306
32331
32334
32343
32363
32365
32373
32378
32383
32385
32394
32407
32408
32410
32427
32440
32456
32478
32486
32501
32505
32506
32510
32513
32521
32529
32536
32542
32546
32550
32553
32554
32556
32559
32576
32577
32581
32584
32600
32615
32633
32649
32652
32656
32660
32679
32682
32690
32694
32703
32704
32705
32707
32710
32718
32719
32722
32725
32727
32736
32737
32738
32742
32744
32750
32751
32755
32759
32764
32833
32836
32843
32855
32863
32871
32894
32900
32906
32923
32942
32961
32964
32006
32013
32099
32103
32146
32165
32182
32183
32204
32217
32251
32303
32317
32411
32412
32472
32491
32519
32548
32552
32570
32595
32601
32622
32625
32632
32644
32645
32664
32677
32706
32724
32729
32735
32760
32787
32795
32800
32813
32831
32861
32895
32915
33038
33043
33146
33192
33200
33229
33278
33428
33487
33523
33536
33556
33563
33568
33615
33704
33774
33799
33862
33875
33891
33894
33037
33065
33153
33181
33222
33346
33380
33401
33402
33475
33566
33635
33648
33728
33753
33771
33796
33851
33865
33938
33005
33011
33016
33041
33048
33070
33087
33097
33107
33123
33127
33128
33145
33147
33151
33154
33165
33167
33170
33179
33185
33186
33199
33204
33205
33212
33227
33240
33253
33264
33266
33269
33277
33279
33283
33287
33290
33307
33309
33312
33313
33328
33334
33335
33336
33340
33344
33345
33350
33381
33382
33383
33404
33405
33409
33415
33419
33426
33427
33438
33439
33449
33450
33463
33489
33492
33495
33497
33530
33532
33553
33574
33575
33581
33587
33589
33594
33613
33619
33627
33639
33644
33646
33650
33652
33658
33662
33670
33674
33676
33679
33680
33681
33685
33690
33695
33705
33713
33724
33726
33729
33731
33735
33746
33747
33751
33752
33763
33773
33779
33785
33786
33791
33803
33812
33835
33839
33847
33849
33850
33852
33858
33859
33863
33870
33876
33901
33909
33910
33921
33935
33940
33964
33982
33985
33991
33997
34004
34010
34018
34050
34057
34095
34097
34107
34116
34118
34130
34149
34157
34161
34175
34180
34198
34208
34240
34243
34245
34247
34253
34282
34294
34301
34306
34313
34322
34327
34339
34340
34348
34364
34366
34367
34369
34371
34397
34403
34413
34419
34422
34437
34459
34473
34487
34503
34516
34539
34540
34558
34564
34565
34568
34580
34586
34601
34611
34618
34621
34631
34644
34655
34657
34661
34669
34673
34701
34718
34719
34729
34754
34774
34777
34787
34790
34813
34819
34820
34825
34829
34833
34835
34840
34848
34852
34873
34876
34890
34892
34900
34902
34903
34904
34907
34933
34937
34940
34941
34962
34966
34976
34977
34978
34014
34021
34036
34048
34051
34083
34104
34120
34127
34142
34160
34163
34170
34197
34232
34246
34279
34281
34298
34308
34320
34331
34357
34368
34370
34391
34401
34407
34418
34441
34447
34471
34497
34502
34504
34518
34523
34527
34543
34559
34575
34622
34649
34656
34665
34667
34693
34694
34697
34717
34768
34773
34775
34781
34786
34812
34855
34885
34889
34893
34905
34931
34935
34950
