Group 11.txt condensed by commonality!
20
26
38
55
77
89
90
122
125
126
143
149
191
192
209
273
304
329
340
351
356
363
366
380
381
384
414
421
423
436
447
466
468
474
517
556
575
580
592
599
623
625
645
669
684
713
738
742
745
750
753
768
789
790
791
804
826
836
837
860
866
874
877
879
886
888
910
921
922
930
935
989
1042
1047
1066
1072
1173
1176
1185
1194
1199
1208
1231
1233
1248
1251
1306
1311
1312
1321
1338
1348
1354
1364
1396
1418
1419
1426
1443
1452
1459
1468
1480
1527
1536
1541
1561
1562
1572
1587
1591
1595
1633
1701
1716
1735
1739
1750
1758
1771
1773
1781
1793
1843
1856
1858
1873
1888
1891
1900
1909
1920
1935
1939
1953
1991
2240
2366
2408
2459
2479
2481
2603
2672
2696
2901
2980
2035
2054
2071
2085
2105
2119
2183
2203
2235
2241
2254
2264
2322
2362
2428
2452
2463
2486
2542
2559
2568
2582
2617
2623
2644
2700
2745
2757
2774
2791
2844
2868
2915
2939
2997
2163
2175
2223
2243
2273
2365
2548
2608
2648
2659
2679
2813
2820
2934
2946
2990
3013
3115
3188
3193
3226
3383
3594
3736
3885
3922
3980
3986
3006
3015
3020
3085
3086
3122
3145
3147
3151
3157
3160
3162
3197
3231
3253
3261
3264
3272
3280
3295
3302
3337
3346
3354
3361
3366
3403
3419
3500
3525
3535
3567
3661
3679
3683
3684
3743
3781
3785
3794
3811
3834
3840
3841
3918
3925
3953
3960
3977
3997
4001
4003
4071
4090
4096
4099
4104
4123
4125
4148
4176
4185
4189
4200
4203
4207
4214
4217
4219
4228
4230
4250
4253
4255
4264
4280
4281
4295
4303
4341
4353
4364
4385
4391
4401
4408
4416
4438
4441
4470
4474
4480
4489
4497
4498
4507
4513
4522
4582
4583
4603
4610
4613
4624
4642
4647
4649
4672
4683
4740
4760
4761
4763
4772
4800
4825
4863
4874
4886
4892
4895
4898
4925
4929
4930
4933
4939
4974
4991
5036
5074
5119
5141
5205
5239
5492
5515
5539
5545
5740
5759
5998
5063
5976
5993
5026
5028
5078
5112
5113
5126
5177
5190
5313
5337
5411
5432
5433
5441
5457
5520
5538
5579
5598
5600
5637
5638
5692
5776
5788
5815
5834
5872
5916
5950
5009
5090
5099
5115
5257
5262
5263
5305
5350
5371
5375
5399
5507
5524
5698
5750
5755
5840
5852
5914
5932
6000
6030
6034
6048
6066
6067
6071
6107
6122
6124
6126
6127
6136
6137
6138
6142
6173
6250
6256
6262
6332
6336
6343
6350
6365
6380
6383
6418
6429
6438
6446
6450
6488
6491
6573
6582
6588
6607
6622
6629
6634
6650
6652
6667
6683
6791
6808
6813
6855
6857
6881
6902
6928
6930
6936
6937
6976
6985
6991
7003
7045
7057
7059
7065
7080
7091
7097
7135
7166
7182
7196
7198
7205
7218
7234
7236
7255
7279
7410
7422
7430
7486
7487
7526
7528
7540
7553
7611
7675
7690
7692
7717
7719
7725
7729
7747
7785
7794
7795
7833
7835
7848
7853
7859
7861
7870
7882
7883
7887
7912
7920
7921
7968
7974
7980
7982
8000
8022
8037
8050
8060
8071
8077
8088
8097
8141
8200
8249
8259
8299
8305
8306
8320
8375
8378
8380
8411
8413
8416
8440
8441
8447
8450
8455
8472
8513
8517
8560
8576
8598
8612
8631
8635
8647
8654
8667
8731
8739
8756
8766
8778
8781
8787
8790
8815
8828
8832
8852
8855
8857
8873
8886
8916
8926
8931
8938
8939
8940
8975
8979
9013
9026
9067
9070
9075
9077
9107
9111
9114
9115
9132
9159
9170
9212
9213
9215
9255
9274
9282
9285
9310
9335
9339
9350
9352
9361
9365
9386
9398
9433
9457
9465
9479
9490
9515
9517
9521
9526
9530
9551
9557
9559
9563
9587
9609
9611
9618
9633
9659
9660
9674
9680
9690
9701
9703
9706
9737
9743
9762
9808
9821
9825
9844
9854
9858
9865
9868
9885
9964
9979
9994
10018
10116
10177
10239
10259
10326
10405
10416
10457
10523
10557
10581
10601
10684
10688
10747
10787
10825
10852
10880
10927
10947
10979
10016
10072
10092
10333
10411
10470
10642
10813
10900
10916
10959
10000
10031
10040
10057
10062
10068
10127
10218
10238
10251
10256
10303
10342
10421
10459
10496
10534
10539
10550
10591
10636
10668
10693
10750
10791
10914
10930
10932
10953
10969
10976
11000
11017
11019
11048
11062
11080
11120
11126
11129
11144
11146
11155
11157
11170
11211
11222
11224
11234
11242
11254
11268
11269
11274
11278
11306
11309
11312
11316
11323
11325
11326
11328
11331
11353
11354
11385
11390
11401
11419
11423
11431
11441
11460
11472
11485
11497
11503
11509
11513
11516
11535
11554
11580
11591
11631
11673
11692
11707
11712
11717
11721
11725
11750
11754
11755
11764
11768
11774
11775
11776
11783
11788
11811
11814
11815
11816
11820
11828
11838
11893
11909
11917
11967
11986
11988
11995
12009
12065
12066
12085
12103
12105
12149
12169
12199
12204
12225
12228
12231
12238
12241
12270
12277
12315
12317
12321
12322
12337
12362
12367
12374
12388
12396
12401
12408
12439
12452
12453
12459
12505
12554
12576
12580
12613
12629
12630
12662
12682
12687
12706
12722
12756
12758
12762
12770
12804
12809
12839
12849
12868
12871
12876
12899
12902
12919
12957
12962
12984
12999
13023
13030
13034
13042
13061
13126
13128
13152
13195
13202
13206
13209
13270
13278
13284
13308
13314
13359
13383
13402
13427
13432
13448
13453
13462
13464
13487
13497
13501
13530
13531
13532
13558
13560
13580
13583
13616
13629
13646
13657
13662
13683
13696
13718
13719
13743
13750
13756
13794
13811
13878
13908
13921
13925
13943
13960
13964
13979
13980
13985
14402
14436
14463
14559
14632
14722
14747
14755
14819
14950
14951
14035
14048
14060
14126
14159
14184
14227
14292
14350
14365
14380
14397
14398
14466
14518
14566
14586
14615
14649
14651
14664
14897
14969
14984
14053
14144
14255
14391
14465
14568
14626
14725
14878
14914
14977
14034
14262
14331
14368
14379
14381
14460
14462
14604
14609
14621
14623
14697
14769
14810
14828
14836
14901
15026
15071
15073
15090
15104
15142
15169
15179
15210
15220
15222
15236
15257
15277
15284
15313
15340
15343
15347
15374
15452
15462
15501
15594
15631
15696
15705
15716
15727
15741
15749
15753
15772
15776
15781
15783
15867
15893
15898
15925
15936
15961
15971
15974
15994
16047
16083
16199
16300
16363
16408
16435
16599
16625
16690
16957
16964
16980
16002
16023
16025
16027
16057
16060
16063
16082
16091
16115
16128
16140
16161
16203
16283
16394
16399
16442
16444
16450
16539
16542
16544
16564
16571
16572
16575
16621
16643
16649
16657
16686
16715
16722
16744
16765
16777
16782
16783
16793
16795
16801
16809
16834
16908
16965
16977
16986
17000
17027
17038
17047
17053
17055
17058
17061
17068
17084
17095
17148
17149
17153
17190
17212
17216
17229
17268
17270
17283
17291
17298
17303
17311
17312
17329
17332
17346
17365
17380
17409
17420
17432
17443
17466
17483
17495
17496
17499
17506
17525
17526
17547
17551
17562
17563
17572
17585
17586
17617
17625
17647
17656
17688
17705
17714
17715
17721
17726
17735
17736
17740
17758
17766
17779
17781
17786
17790
17816
17823
17826
17843
17849
17859
17889
17907
17916
17918
17921
17938
17961
17964
17966
17993
18002
18019
18023
18081
18175
18197
18216
18277
18286
18462
18474
18609
18640
18670
18735
18742
18986
18046
18076
18101
18125
18137
18156
18193
18256
18269
18291
18324
18354
18386
18410
18463
18470
18476
18500
18515
18527
18542
18561
18576
18613
18615
18616
18617
18619
18676
18706
18725
18741
18785
18789
18828
18834
18838
18863
18897
18917
18953
18982
18996
19005
19008
19121
19122
19149
19155
19204
19247
19271
19273
19287
19332
19336
19338
19352
19353
19387
19403
19444
19446
19450
19453
19469
19587
19591
19619
19631
19653
19699
19749
19769
19815
19826
19861
19896
19899
19907
19924
19954
19998
20041
20062
20067
20070
20289
20355
20396
20600
20715
20755
20793
20986
20047
20061
20069
20115
20120
20149
20171
20220
20235
20255
20281
20291
20299
20333
20373
20378
20481
20491
20546
20615
20669
20674
20692
20797
20798
20814
20817
20836
20856
20864
20871
20876
20885
20896
20917
20918
20941
20957
20990
21006
21012
21017
21046
21066
21075
21076
21100
21114
21149
21150
21219
21226
21230
21249
21267
21275
21300
21320
21346
21347
21359
21361
21375
21409
21427
21438
21461
21481
21512
21523
21525
21550
21558
21593
21598
21617
21621
21623
21625
21640
21643
21694
21711
21715
21716
21726
21735
21749
21759
21762
21764
21765
21775
21781
21785
21795
21825
21827
21829
21862
21867
21886
21920
21930
21945
21954
21965
21979
21995
22056
22061
22069
22080
22131
22141
22145
22154
22177
22190
22201
22211
22217
22227
22234
22264
22277
22283
22307
22309
22360
22376
22436
22438
22471
22496
22523
22525
22536
22550
22594
22603
22610
22628
22629
22672
22684
22689
22690
22697
22713
22723
22739
22744
22751
22754
22818
22830
22843
22865
22869
22876
22883
22902
22911
22912
22918
22945
23033
23041
23059
23067
23103
23111
23113
23131
23163
23182
23183
23190
23194
23202
23284
23299
23316
23369
23396
23409
23455
23466
23504
23505
23524
23526
23547
23566
23570
23575
23581
23582
23583
23595
23597
23601
23654
23655
23659
23660
23692
23693
23764
23768
23775
23790
23793
23802
23843
23849
23852
23931
23940
23952
23959
23960
23982
23991
23995
24256
24326
24346
24360
24378
24395
24512
24517
24788
24822
24851
24880
24956
24966
24017
24024
24026
24031
24096
24103
24145
24168
24174
24176
24194
24216
24222
24231
24353
24369
24388
24392
24396
24420
24426
24427
24509
24543
24628
24642
24646
24745
24754
24763
24769
24770
24825
24827
24884
24936
24996
24207
24242
24338
24352
24449
24614
24837
24852
24876
25030
25043
25049
25067
25103
25122
25127
25129
25173
25178
25179
25195
25199
25212
25231
25237
25239
25248
25266
25274
25295
25318
25389
25402
25412
25429
25438
25450
25461
25463
25473
25479
25483
25495
25537
25542
25555
25566
25568
25569
25605
25606
25653
25660
25670
25677
25720
25761
25774
25775
25780
25809
25820
25860
25869
25873
25884
25907
25937
25962
25966
25970
26018
26019
26038
26058
26071
26075
26078
26081
26115
26130
26134
26140
26154
26204
26205
26215
26217
26220
26221
26222
26232
26246
26251
26292
26380
26384
26394
26415
26418
26425
26440
26445
26451
26474
26487
26488
26491
26494
26538
26541
26550
26567
26581
26601
26618
26633
26636
26661
26673
26674
26678
26774
26818
26819
26820
26850
26851
26883
26900
26913
26920
26951
26966
26969
26971
26978
26982
26999
27005
27013
27020
27043
27047
27052
27060
27063
27090
27107
27112
27129
27176
27208
27220
27222
27226
27242
27248
27263
27282
27287
27296
27307
27321
27369
27400
27405
27410
27425
27429
27433
27448
27458
27461
27471
27478
27490
27494
27496
27502
27517
27534
27542
27554
27576
27599
27602
27608
27638
27652
27665
27689
27697
27699
27701
27725
27756
27758
27777
27802
27822
27835
27838
27843
27847
27860
27880
27881
27888
27896
27921
27923
27929
27936
27938
27944
27948
27951
27977
27983
28017
28116
28124
28192
28333
28380
28465
28500
28522
28526
28588
28672
28867
28891
28962
28963
28964
28054
28074
28077
28091
28092
28111
28114
28135
28141
28159
28166
28167
28195
28211
28215
28252
28271
28281
28304
28307
28312
28331
28373
28416
28438
28447
28448
28534
28572
28579
28601
28635
28648
28656
28664
28722
28725
28765
28773
28792
28836
28839
28856
28864
28898
28903
28904
28965
28977
29002
29014
29022
29023
29024
29045
29052
29054
29056
29067
29104
29129
29153
29160
29185
29187
29218
29221
29243
29246
29278
29299
29302
29311
29326
29337
29341
29344
29354
29394
29399
29401
29417
29423
29470
29519
29531
29535
29610
29613
29624
29626
29638
29660
29668
29686
29737
29766
29771
29773
29789
29792
29827
29831
29847
29865
29890
29891
29924
29930
29945
29952
29954
29965
29974
29987
29988
29989
29998
30013
30017
30020
30021
30025
30036
30037
30080
30104
30123
30145
30149
30179
30184
30190
30193
30226
30247
30267
30279
30287
30314
30334
30336
30338
30352
30360
30370
30375
30408
30495
30508
30512
30523
30546
30587
30598
30610
30612
30637
30642
30659
30675
30676
30697
30710
30724
30737
30751
30765
30772
30775
30812
30815
30816
30835
30847
30849
30879
30885
30920
30932
30976
30978
30994
31002
31018
31023
31029
31034
31035
31036
31039
31054
31069
31083
31101
31105
31115
31139
31159
31164
31194
31202
31224
31275
31276
31285
31297
31320
31325
31331
31348
31356
31394
31395
31398
31433
31448
31479
31496
31542
31557
31575
31605
31612
31614
31620
31627
31661
31686
31699
31707
31712
31717
31719
31739
31748
31764
31767
31768
31786
31798
31828
31831
31846
31871
31873
31931
31935
31936
31957
31982
31996
31999
32036
32045
32053
32057
32079
32143
32148
32161
32185
32212
32223
32228
32272
32304
32315
32328
32353
32374
32379
32384
32398
32422
32448
32449
32453
32454
32457
32470
32471
32483
32499
32509
32618
32620
32628
32629
32648
32654
32681
32698
32770
32809
32856
32857
32866
32874
32892
32910
32912
32929
32932
32956
32957
33004
33027
33028
33035
33058
33062
33074
33082
33138
33149
33175
33194
33207
33209
33250
33262
33289
33301
33315
33330
33337
33395
33407
33422
33456
33472
33477
33491
33517
33529
33544
33550
33551
33588
33595
33601
33634
33641
33693
33708
33748
33826
33845
33881
33890
33892
33926
33957
33966
33977
33979
33995
34020
34056
34072
34075
34092
34099
34113
34129
34141
34168
34201
34212
34227
34228
34256
34269
34305
34315
34317
34321
34341
34343
34346
34354
34381
34402
34423
34439
34448
34451
34453
34474
34481
34483
34488
34509
34524
34525
34533
34545
34552
34563
34570
34578
34598
34599
34605
34624
34671
34699
34700
34705
34709
34713
34765
34782
34792
34836
34845
34853
34888
34891
34927
34928
34953
34956
34958
34970
34981
