Group 12.txt condensed by commonality!
13
16
59
111
116
138
164
178
186
207
235
279
309
311
326
328
334
335
357
364
368
440
448
457
500
521
528
586
587
589
596
635
636
653
697
748
774
778
781
811
820
835
896
924
974
1040
1045
1057
1058
1065
1078
1090
1103
1116
1132
1155
1211
1225
1230
1246
1263
1264
1344
1359
1361
1394
1407
1412
1432
1442
1447
1472
1489
1498
1514
1523
1530
1560
1582
1588
1593
1613
1614
1632
1645
1650
1661
1676
1700
1706
1727
1742
1809
1817
1820
1825
1848
1854
1872
1893
1907
1918
1928
1949
1955
2026
2060
2128
2135
2157
2158
2179
2271
2290
2293
2333
2400
2461
2502
2524
2547
2570
2609
2619
2649
2653
2687
2691
2695
2723
2735
2760
2773
2800
2850
2853
2862
2867
2879
2884
2917
2986
2994
3048
3064
3124
3192
3196
3202
3252
3281
3308
3309
3332
3345
3359
3365
3470
3480
3543
3554
3593
3629
3659
3787
3795
3812
3823
3824
3878
3898
3100
3214
3220
3301
3318
3334
3343
3357
3372
3456
3483
3515
3527
3538
3541
3596
3814
3871
3872
3879
3899
3914
3954
3971
4049
4063
4076
4107
4124
4144
4146
4164
4166
4167
4199
4213
4215
4223
4237
4275
4278
4314
4316
4332
4360
4375
4395
4400
4411
4420
4425
4434
4442
4476
4478
4490
4495
4503
4526
4548
4550
4569
4614
4631
4635
4663
4675
4692
4693
4696
4708
4714
4748
4774
4786
4789
4822
4836
4866
4887
4921
4971
4995
5031
5055
5060
5070
5072
5122
5123
5147
5230
5237
5244
5252
5264
5288
5299
5311
5312
5321
5332
5360
5381
5383
5446
5454
5459
5461
5464
5485
5494
5497
5509
5612
5660
5664
5669
5678
5679
5688
5722
5734
5738
5749
5799
5805
5806
5817
5822
5827
5845
5871
5881
5882
5888
5913
5949
5992
6057
6187
6246
6259
6322
6403
6408
6437
6447
6462
6489
6497
6501
6527
6547
6574
6590
6638
6689
6703
6716
6742
6765
6792
6805
6821
6845
6858
6864
6865
6903
6953
6960
6970
6978
7010
7017
7023
7068
7129
7156
7167
7184
7190
7228
7245
7252
7259
7264
7281
7291
7292
7333
7346
7359
7373
7377
7413
7432
7438
7442
7443
7448
7450
7455
7456
7474
7503
7520
7521
7567
7613
7624
7632
7650
7651
7656
7659
7668
7679
7708
7712
7744
7764
7774
7811
7815
7836
7885
7891
7911
7957
7995
8019
8072
8091
8092
8101
8159
8161
8174
8207
8228
8235
8241
8247
8250
8258
8271
8278
8286
8293
8294
8334
8339
8345
8346
8376
8389
8403
8405
8427
8429
8462
8506
8514
8529
8534
8535
8554
8561
8615
8618
8641
8642
8644
8657
8659
8721
8774
8775
8802
8816
8839
8844
8858
8902
8907
8914
8947
9003
9004
9005
9034
9046
9055
9082
9091
9094
9112
9125
9160
9164
9169
9171
9206
9218
9228
9234
9241
9260
9261
9262
9286
9336
9360
9413
9425
9429
9437
9448
9486
9506
9509
9527
9542
9553
9567
9569
9591
9628
9629
9651
9729
9740
9757
9763
9778
9828
9835
9850
9857
9869
9870
9897
9917
9928
9931
9962
9971
9976
9980
10025
10026
10028
10080
10112
10128
10163
10169
10183
10263
10309
10317
10330
10332
10355
10400
10492
10503
10533
10572
10589
10639
10640
10655
10672
10683
10714
10773
10774
10780
10812
10817
10850
10894
10904
10977
11011
11020
11077
11127
11128
11132
11152
11190
11255
11275
11291
11296
11324
11335
11368
11392
11393
11396
11457
11469
11519
11527
11560
11616
11617
11642
11658
11663
11677
11689
11709
11732
11742
11747
11752
11753
11769
11777
11808
11810
11855
11877
11947
11951
11983
11987
11990
12051
12059
12077
12084
12121
12129
12141
12144
12148
12154
12174
12187
12194
12202
12226
12253
12264
12320
12327
12348
12402
12405
12415
12462
12474
12479
12481
12514
12516
12521
12532
12569
12591
12603
12607
12617
12680
12690
12703
12725
12729
12747
12749
12751
12760
12775
12800
12813
12823
12826
12834
12840
12878
12880
12882
12901
12932
12993
13033
13066
13093
13098
13109
13116
13137
13187
13192
13207
13216
13237
13292
13315
13323
13332
13393
13412
13423
13468
13471
13507
13524
13534
13540
13578
13579
13593
13622
13636
13648
13670
13672
13688
13690
13706
13723
13751
13753
13775
13787
13872
13896
13907
13913
13935
13959
14017
14019
14064
14130
14133
14143
14161
14204
14208
14224
14246
14254
14279
14323
14334
14388
14408
14411
14429
14457
14468
14482
14493
14532
14536
14548
14551
14583
14627
14645
14646
14653
14665
14672
14696
14717
14736
14756
14766
14774
14781
14824
14834
14835
14837
14842
14844
14855
14873
14889
14912
14919
14927
14958
14964
14975
15002
15012
15016
15025
15041
15044
15056
15106
15122
15127
15132
15170
15194
15197
15229
15232
15288
15294
15335
15378
15379
15383
15386
15395
15404
15418
15436
15440
15453
15463
15470
15485
15504
15533
15539
15561
15595
15601
15610
15619
15633
15649
15698
15719
15729
15829
15853
15854
15871
15935
15951
15952
15962
16011
16013
16014
16028
16062
16104
16119
16167
16188
16191
16240
16273
16286
16303
16312
16330
16340
16360
16392
16427
16475
16477
16478
16479
16504
16524
16528
16537
16570
16573
16576
16581
16595
16608
16616
16635
16642
16645
16673
16685
16691
16706
16719
16720
16726
16736
16745
16751
16781
16804
16805
16812
16818
16819
16827
16852
16862
16866
16873
16877
16881
16882
16887
16894
16940
16981
17080
17090
17115
17158
17172
17266
17300
17305
17325
17351
17360
17386
17399
17403
17415
17475
17527
17554
17555
17609
17650
17724
17774
17805
17825
17828
17835
17866
17877
17909
17941
17945
17946
17965
17972
17982
18005
18152
18161
18221
18225
18298
18369
18370
18480
18705
18733
18758
18763
18790
18864
18870
18890
18903
18013
18015
18040
18086
18176
18199
18233
18246
18247
18310
18419
18434
18440
18442
18479
18484
18502
18510
18540
18546
18553
18560
18591
18603
18657
18684
18716
18753
18757
18784
18880
18914
18925
18945
18957
18997
19032
19035
19045
19087
19096
19117
19128
19172
19179
19183
19185
19219
19252
19278
19295
19308
19329
19355
19372
19404
19421
19429
19489
19506
19507
19526
19549
19560
19617
19628
19644
19652
19672
19689
19694
19768
19781
19783
19813
19830
19846
19868
19869
19902
19906
19909
19917
19921
19930
19963
19984
20018
20024
20074
20077
20087
20107
20132
20133
20159
20178
20205
20242
20256
20328
20346
20358
20367
20375
20388
20391
20401
20407
20434
20455
20463
20488
20494
20505
20508
20518
20523
20530
20561
20571
20591
20595
20597
20603
20621
20622
20626
20649
20652
20656
20671
20741
20766
20775
20786
20788
20791
20819
20827
20862
20920
20940
20955
20960
21041
21074
21080
21103
21122
21138
21166
21183
21189
21196
21204
21222
21227
21256
21271
21273
21279
21284
21286
21325
21327
21329
21337
21382
21385
21396
21403
21405
21421
21437
21459
21468
21475
21483
21491
21492
21496
21516
21528
21538
21594
21612
21614
21620
21666
21727
21729
21731
21738
21746
21766
21772
21784
21790
21814
21822
21837
21874
21877
21898
21929
21949
21973
21992
22003
22014
22026
22050
22051
22079
22110
22112
22119
22156
22158
22174
22196
22230
22265
22272
22273
22286
22312
22362
22380
22388
22390
22395
22408
22422
22457
22476
22508
22510
22518
22548
22570
22588
22602
22613
22615
22622
22643
22661
22694
22704
22722
22758
22803
22837
22846
22851
22853
22859
22879
22895
22908
22937
22971
22973
23001
23003
23011
23026
23047
23048
23119
23127
23128
23134
23139
23201
23230
23236
23239
23240
23267
23276
23286
23309
23324
23328
23336
23347
23351
23360
23361
23376
23385
23395
23399
23403
23432
23435
23519
23522
23535
23541
23543
23550
23553
23562
23589
23608
23632
23634
23657
23686
23701
23718
23720
23736
23744
23746
23747
23749
23759
23766
23786
23826
23850
23857
23871
23881
23883
23884
23900
23989
24005
24022
24046
24051
24093
24119
24142
24193
24200
24235
24264
24265
24271
24303
24320
24375
24390
24398
24414
24469
24478
24486
24499
24510
24536
24537
24552
24558
24606
24608
24611
24630
24635
24684
24699
24716
24717
24719
24820
24855
24902
24945
24970
24972
24995
25113
25136
25154
25191
25200
25207
25210
25215
25282
25293
25296
25396
25403
25424
25462
25466
25471
25505
25512
25519
25551
25576
25591
25600
25657
25726
25732
25734
25745
25757
25777
25782
25786
25787
25789
25793
25800
25812
25836
25844
25864
25893
25898
25936
25964
26004
26032
26055
26056
26063
26091
26162
26198
26206
26260
26271
26306
26328
26339
26349
26355
26413
26426
26433
26468
26479
26496
26503
26509
26516
26525
26529
26587
26603
26612
26634
26660
26664
26668
26669
26679
26682
26694
26729
26734
26739
26757
26765
26766
26780
26782
26789
26809
26810
26867
26874
26915
26922
26972
26974
26989
27011
27028
27029
27039
27061
27092
27123
27124
27126
27127
27159
27170
27175
27185
27190
27197
27290
27322
27339
27350
27356
27360
27366
27404
27418
27419
27444
27459
27462
27529
27545
27546
27609
27614
27640
27719
27727
27735
27736
27751
27774
27794
27848
27882
27890
28004
28314
28339
28439
28563
28670
28678
28700
28711
28733
28987
28018
28069
28075
28169
28187
28348
28390
28397
28418
28419
28426
28483
28536
28561
28587
28735
28760
28787
28798
28874
28923
28085
28105
28237
28261
28285
28286
28310
28322
28327
28343
28345
28369
28385
28482
28517
28521
28606
28621
28683
28723
28750
28759
28768
28805
28811
28852
28860
28862
28944
28945
28949
28954
28961
29000
29007
29031
29034
29053
29075
29082
29085
29088
29109
29135
29144
29146
29158
29170
29239
29242
29252
29277
29314
29316
29318
29334
29358
29362
29372
29380
29383
29425
29426
29438
29441
29460
29464
29469
29517
29579
29592
29593
29594
29618
29629
29637
29664
29674
29691
29702
29707
29718
29750
29800
29803
29808
29826
29828
29835
29850
29860
29919
29942
29950
29961
29990
29994
30015
30043
30046
30047
30079
30105
30125
30151
30291
30333
30392
30413
30419
30445
30469
30476
30515
30517
30524
30528
30547
30560
30569
30579
30597
30606
30624
30628
30629
30643
30664
30668
30672
30680
30749
30767
30768
30777
30831
30834
30841
30864
30895
30901
30947
30977
30986
31008
31019
31024
31042
31073
31074
31076
31079
31136
31193
31239
31242
31266
31293
31300
31360
31383
31422
31426
31437
31460
31461
31489
31502
31514
31522
31543
31563
31585
31628
31668
31696
31701
31736
31773
31799
31806
31811
31813
31817
31827
31829
31844
31848
31850
31905
31922
31929
31933
31940
31968
31969
31985
31992
32030
32049
32084
32096
32105
32111
32120
32122
32198
32242
32254
32277
32302
32305
32308
32320
32389
32401
32462
32464
32474
32547
32608
32624
32640
32661
32739
32746
32789
32830
32839
32854
32876
32899
32905
32918
32966
32969
33013
33023
33029
33051
33100
33102
33121
33161
33163
33220
33242
33244
33255
33261
33274
33314
33357
33365
33378
33393
33399
33406
33445
33461
33506
33509
33565
33585
33590
33618
33629
33642
33645
33655
33659
33668
33687
33717
33742
33760
33778
33806
33814
33823
33842
33846
33856
33857
33877
33895
33897
33914
33919
33959
33961
33984
33987
33988
33990
33992
33999
34015
34016
34040
34055
34070
34090
34111
34136
34152
34195
34213
34222
34224
34234
34254
34266
34270
34277
34334
34356
34359
34385
34387
34444
34462
34491
34511
34555
34567
34595
34614
34617
34633
34651
34666
34677
34721
34750
34769
34805
34824
34847
34867
34869
34882
34919
34925
34954
34961
