Group 13.txt condensed by commonality!
12
281
298
315
361
365
411
484
505
518
525
566
600
665
763
794
819
893
909
972
992
1258
1298
1350
1517
1524
1548
1575
1770
1813
1826
1840
1860
1906
1922
2017
2019
2045
2053
2285
2287
2319
2512
2688
2708
2709
2809
2855
2886
2897
3008
3063
3072
3118
3163
3201
3251
3299
3300
3405
3434
3524
3668
3767
3820
3891
3983
4010
4142
4151
4172
4180
4206
4238
4305
4423
4535
4650
4659
4766
4812
4969
4999
5014
5094
5108
5338
5429
5460
5483
5506
5513
5529
5582
5792
5796
5829
5897
5911
5935
6196
6311
6364
6473
6610
6613
6779
6897
6908
6911
6920
7030
7033
7037
7064
7142
7204
7316
7344
7504
7566
7603
7646
7735
7760
7808
7843
7913
7933
7988
9051
9056
9204
9226
9276
9309
9348
9407
9472
9484
9508
9582
9614
9732
9807
9898
9934
9945
10012
10044
10054
10100
10155
10165
10203
10242
10255
10299
10325
10335
10352
10402
10414
10418
10506
10568
10691
10741
10772
10797
11165
11197
11267
11350
11389
11449
11453
11482
11585
11637
11662
11682
11687
11728
11883
11939
11941
12049
12074
12201
12455
12582
12605
12615
12620
12649
12689
12691
12693
12728
12731
12864
12885
12890
12894
12946
12959
13077
13096
13113
13159
13296
13307
13485
13503
13709
13780
13827
13853
13876
13961
13997
14003
14092
14103
14164
14196
14251
14385
14509
14525
14980
14995
14278
14284
14328
14438
14491
14600
14678
14688
14699
14701
14814
14841
14911
15098
15177
15185
15221
15310
15337
15363
15382
15472
15483
15523
15540
15586
15599
15687
15751
15810
15987
16184
16186
16218
16355
16381
16390
16502
16559
16597
16653
16806
16895
16149
16506
16538
16759
16837
17044
17147
17200
17209
17282
17287
17320
17508
17684
17695
17717
17745
17773
17288
17632
17858
18053
18191
18230
18302
18383
18388
18409
18507
18529
18708
18744
18775
18791
18907
18956
19030
19103
19114
19151
19297
19304
19305
19646
19656
19673
19821
19854
19872
19886
19887
19952
19987
20089
20127
20137
20279
20345
20399
20469
20657
20677
20770
20796
20870
20899
20980
20992
21016
21027
21097
21112
21121
21257
21370
21419
21466
21467
21506
21533
21567
21602
21624
21650
21669
21672
21752
21802
21811
21840
22088
22104
22195
22394
22439
22485
22544
22556
22623
22680
22804
22845
22874
22915
22996
23030
23070
23198
23287
23407
23417
23672
23774
23781
23866
23907
23957
23023
23325
23402
23421
23810
23832
23919
24012
24068
24086
24091
24116
24118
24180
24203
24247
24257
24362
24429
24508
24533
24553
24564
24625
24626
24667
24723
24759
24777
24821
24854
24946
24950
24952
25003
25046
25079
25125
25168
25176
25326
25372
25400
25414
25459
25535
25615
25635
25636
25760
25857
25858
25951
26025
26082
26086
26226
26236
26364
26465
26658
26686
26749
26919
27023
27033
27083
27130
27188
27241
27275
27303
27342
27387
27396
27484
27489
27575
27592
27648
27657
27766
27829
27854
27877
27931
27955
27975
27978
27988
28050
28222
28258
28335
28449
28463
28498
28544
28551
28615
28624
28704
28783
28906
28911
29038
29111
29120
29268
29304
29319
29357
29359
29428
29452
29500
29525
29556
29679
29935
29951
29985
30038
30052
30113
30197
30266
30297
30361
30423
30506
30537
30563
30573
30621
30792
30796
30818
30933
30955
31102
31129
31214
31295
31355
31381
31481
31486
31517
31532
31572
31698
31745
31780
31881
31909
31955
31976
32020
32087
32149
32151
32285
32287
32309
32337
32351
32382
32393
32562
32573
32734
32740
32761
32763
32825
32826
32873
32965
33001
33180
33268
33275
33331
33349
33418
33442
33600
33608
33621
33630
33775
33782
33834
33989
34046
34061
34068
34087
34093
34135
34150
34169
34171
34241
34307
34353
34377
34647
34710
34728
34730
34828
