Group 7.txt condensed by commonality!
0
3
6
24
32
54
56
60
83
92
103
105
114
117
119
127
129
136
137
141
142
166
171
176
216
217
225
232
243
263
296
317
321
342
353
360
373
376
379
382
389
403
406
413
417
429
456
485
488
489
497
503
530
536
539
545
561
570
588
590
627
643
647
648
650
652
654
655
657
670
678
679
680
683
688
694
720
721
740
743
757
766
773
795
808
817
824
825
834
857
859
867
869
871
873
894
898
900
901
902
911
919
926
927
932
954
964
965
985
993
4
30
130
161
255
270
301
312
324
338
345
359
399
418
442
542
555
565
571
583
593
597
664
685
686
690
755
771
779
797
889
937
2
10
21
22
58
61
74
134
147
148
151
155
167
169
174
182
214
228
242
268
277
285
297
307
313
316
323
339
344
354
367
372
397
409
415
422
426
437
445
452
453
455
461
463
472
486
494
498
504
508
515
533
535
537
544
549
550
560
569
578
582
612
622
661
675
676
693
714
718
729
746
747
762
776
780
783
785
792
801
805
830
840
841
848
853
855
881
882
885
892
906
916
949
951
957
960
994
999
1014
1016
1027
1031
1038
1041
1049
1067
1073
1077
1086
1095
1102
1106
1111
1117
1119
1122
1126
1128
1130
1136
1138
1139
1140
1145
1146
1151
1152
1160
1161
1162
1165
1167
1171
1181
1186
1190
1191
1206
1210
1217
1219
1232
1234
1235
1240
1243
1265
1266
1268
1278
1283
1286
1291
1296
1304
1305
1314
1328
1330
1335
1340
1342
1352
1353
1363
1367
1376
1383
1384
1386
1387
1393
1400
1405
1413
1414
1422
1424
1425
1430
1437
1439
1440
1441
1460
1467
1470
1471
1475
1485
1491
1501
1502
1504
1512
1518
1520
1526
1528
1529
1533
1537
1539
1549
1553
1554
1556
1559
1566
1569
1570
1571
1581
1583
1586
1596
1599
1603
1615
1616
1626
1627
1636
1641
1648
1651
1654
1670
1678
1681
1686
1691
1692
1703
1709
1724
1744
1747
1752
1753
1759
1768
1772
1776
1777
1778
1782
1786
1798
1801
1802
1803
1804
1805
1832
1839
1845
1851
1855
1859
1865
1867
1878
1887
1895
1896
1903
1908
1913
1916
1921
1925
1926
1937
1938
1940
1946
1948
1951
1952
1968
1981
1985
1986
1990
1999
1005
1015
1023
1076
1109
1113
1118
1133
1137
1154
1168
1174
1177
1187
1192
1247
1255
1269
1279
1295
1327
1334
1358
1360
1369
1371
1372
1402
1427
1429
1433
1445
1481
1484
1486
1506
1510
1543
1578
1580
1605
1606
1607
1617
1623
1637
1643
1674
1682
1699
1704
1721
1729
1743
1765
1766
1779
1796
1808
1816
1827
1834
1841
1889
1894
1927
1960
1972
1976
2050
2063
2073
2112
2116
2117
2120
2123
2134
2154
2159
2166
2171
2201
2212
2244
2292
2295
2301
2303
2312
2336
2350
2382
2391
2405
2410
2418
2425
2434
2465
2473
2475
2510
2532
2550
2569
2586
2592
2610
2620
2632
2651
2661
2682
2683
2726
2732
2736
2751
2790
2807
2814
2822
2845
2846
2856
2860
2869
2885
2887
2889
2932
2941
2947
2950
2003
2005
2006
2021
2024
2030
2032
2034
2056
2059
2067
2072
2078
2092
2098
2106
2108
2132
2136
2149
2152
2155
2162
2186
2200
2204
2208
2216
2218
2220
2229
2242
2245
2251
2260
2270
2278
2288
2302
2304
2307
2325
2331
2334
2339
2342
2349
2358
2371
2373
2374
2377
2392
2395
2396
2403
2414
2426
2431
2437
2439
2441
2448
2454
2470
2472
2474
2494
2504
2505
2506
2516
2517
2519
2521
2533
2540
2546
2554
2555
2556
2558
2566
2572
2583
2585
2590
2606
2616
2621
2624
2626
2636
2643
2646
2652
2657
2665
2671
2685
2686
2693
2710
2716
2719
2720
2728
2733
2741
2748
2753
2762
2766
2768
2771
2783
2788
2793
2794
2797
2824
2829
2831
2833
2842
2843
2866
2873
2877
2881
2888
2895
2908
2909
2910
2912
2913
2924
2937
2938
2942
2957
2958
2959
2962
2966
2969
2974
2983
2984
2985
2988
2993
2038
2044
2068
2075
2081
2086
2093
2102
2142
2176
2225
2238
2305
2321
2369
2383
2397
2402
2427
2447
2468
2483
2518
2522
2525
2530
2539
2543
2618
2633
2634
2647
2660
2721
2729
2731
2734
2737
2740
2743
2750
2892
2929
2936
2943
2967
2998
3003
3012
3016
3022
3067
3075
3092
3126
3129
3245
3248
3254
3257
3258
3290
3307
3333
3369
3390
3391
3397
3425
3432
3499
3566
3568
3608
3624
3637
3641
3642
3672
3693
3712
3717
3724
3750
3751
3752
3760
3763
3771
3780
3809
3822
3839
3843
3880
3917
3924
3942
3945
3027
3031
3081
3206
3216
3244
3249
3350
3376
3381
3395
3409
3458
3474
3530
3544
3599
3622
3711
3744
3810
3850
3865
3877
3930
3984
3590
3728
3032
3033
3042
3049
3054
3058
3088
3093
3106
3113
3114
3123
3132
3149
3152
3166
3198
3203
3222
3230
3232
3236
3239
3265
3270
3282
3288
3323
3326
3349
3393
3396
3400
3421
3435
3439
3457
3460
3464
3477
3501
3518
3534
3574
3586
3592
3597
3600
3610
3619
3627
3632
3636
3640
3648
3650
3687
3690
3691
3700
3702
3705
3732
3740
3749
3756
3761
3779
3802
3804
3816
3817
3829
3854
3858
3869
3870
3875
3881
3887
3888
3893
3895
3896
3902
3903
3911
3928
3929
3938
3939
3940
3962
3968
3978
3979
3985
3009
3010
3018
3053
3057
3065
3091
3101
3112
3121
3137
3143
3173
3183
3190
3235
3242
3247
3250
3263
3277
3305
3310
3319
3327
3338
3388
3404
3417
3441
3447
3475
3478
3496
3506
3547
3551
3560
3563
3591
3660
3663
3677
3689
3692
3697
3735
3758
3762
3766
3772
3773
3776
3784
3788
3791
3793
3801
3807
3827
3842
3846
3904
3915
3932
3952
3966
3998
4031
4043
4048
4051
4053
4057
4066
4092
4097
4098
4101
4105
4113
4154
4158
4165
4182
4205
4212
4220
4221
4222
4224
4240
4247
4258
4260
4265
4279
4287
4323
4342
4348
4352
4361
4402
4409
4410
4435
4467
4485
4511
4521
4545
4560
4565
4574
4578
4588
4598
4601
4609
4633
4638
4639
4640
4654
4657
4671
4698
4712
4727
4728
4731
4737
4746
4754
4758
4777
4779
4782
4785
4790
4803
4821
4845
4850
4856
4870
4880
4882
4883
4899
4901
4904
4913
4919
4924
4934
4938
4941
4952
4960
4966
4972
4983
4988
4994
4005
4029
4042
4055
4070
4088
4091
4118
4120
4133
4159
4171
4173
4177
4193
4194
4242
4252
4271
4277
4284
4292
4297
4310
4313
4315
4350
4362
4363
4369
4380
4399
4407
4414
4417
4484
4487
4505
4510
4518
4525
4544
4587
4605
4618
4630
4643
4652
4666
4687
4711
4752
4780
4781
4797
4824
4857
4865
4902
4903
4911
4927
4997
4998
4000
4002
4004
4012
4019
4040
4052
4058
4064
4077
4080
4085
4087
4093
4095
4106
4112
4122
4129
4138
4145
4160
4227
4251
4299
4319
4328
4329
4344
4345
4347
4354
4355
4365
4373
4377
4378
4394
4428
4440
4446
4454
4483
4539
4546
4562
4566
4568
4584
4591
4600
4621
4623
4628
4651
4656
4660
4665
4674
4678
4688
4744
4749
4750
4756
4778
4791
4795
4805
4807
4832
4842
4847
4855
4867
4884
4889
4890
4920
4926
4931
4962
4964
4982
5000
5001
5006
5007
5019
5021
5024
5030
5037
5058
5059
5064
5084
5089
5095
5096
5110
5118
5121
5127
5138
5145
5149
5150
5152
5153
5161
5165
5170
5184
5191
5202
5206
5209
5214
5218
5219
5220
5226
5227
5231
5232
5233
5238
5261
5280
5298
5304
5319
5320
5329
5333
5340
5361
5362
5365
5370
5380
5382
5385
5387
5402
5404
5406
5415
5419
5422
5425
5437
5442
5447
5449
5450
5451
5455
5456
5458
5465
5472
5474
5482
5491
5501
5504
5505
5519
5528
5532
5534
5543
5554
5562
5564
5565
5583
5591
5594
5595
5599
5601
5603
5604
5608
5614
5622
5631
5633
5639
5642
5643
5652
5661
5662
5684
5689
5704
5709
5723
5727
5730
5731
5739
5753
5757
5761
5766
5769
5771
5773
5777
5778
5785
5816
5819
5820
5824
5828
5833
5842
5847
5851
5857
5860
5869
5879
5884
5893
5900
5906
5909
5922
5927
5928
5934
5938
5940
5953
5955
5964
5969
5970
5982
5997
5073
5088
5197
5207
5210
5245
5276
5284
5297
5307
5335
5344
5346
5388
5401
5412
5413
5430
5434
5466
5502
5546
5560
5566
5572
5574
5586
5606
5647
5663
5667
5711
5718
5737
5767
5783
5807
5821
5858
5894
5907
5941
5952
5979
5023
5052
5102
5116
5130
5143
5146
5151
5172
5181
5188
5195
5234
5251
5279
5315
5512
5537
5581
5587
5623
5626
5668
5716
5830
5878
5886
5959
5981
5988
6006
6018
6027
6039
6040
6043
6056
6065
6072
6084
6086
6088
6091
6104
6106
6120
6125
6128
6132
6133
6134
6152
6160
6174
6179
6185
6189
6193
6200
6219
6240
6273
6275
6276
6277
6281
6282
6283
6285
6287
6288
6291
6293
6294
6304
6307
6319
6335
6338
6352
6363
6369
6404
6406
6409
6412
6416
6422
6425
6428
6434
6435
6444
6451
6455
6458
6459
6464
6466
6472
6477
6485
6495
6496
6506
6507
6511
6514
6515
6516
6523
6525
6528
6531
6538
6568
6576
6579
6587
6593
6594
6597
6602
6604
6617
6627
6630
6633
6639
6658
6660
6665
6679
6682
6686
6688
6690
6714
6720
6729
6748
6763
6770
6775
6785
6795
6803
6812
6817
6818
6825
6830
6836
6847
6849
6853
6859
6861
6877
6883
6884
6887
6893
6894
6901
6904
6913
6926
6938
6945
6946
6947
6980
6981
6988
6999
6005
6008
6055
6078
6082
6083
6094
6097
6103
6105
6112
6115
6119
6121
6130
6171
6182
6203
6225
6247
6249
6260
6279
6302
6310
6312
6321
6390
6399
6405
6407
6431
6461
6492
6509
6519
6554
6556
6569
6580
6583
6591
6620
6674
6691
6699
6710
6745
6747
6757
6758
6762
6772
6799
6810
6811
6820
6848
6869
6873
6888
6892
6905
6909
6934
6968
6986
6992
6998
6013
6021
6033
6037
6050
6053
6069
6073
6075
6131
6143
6154
6165
6175
6212
6270
6284
6296
6374
6398
6445
6482
6529
6530
6544
6564
6575
6612
6668
6669
6671
6694
6702
6706
6724
6732
6750
6768
6793
6822
6833
6871
6875
6935
6944
6965
7008
7011
7015
7069
7076
7108
7121
7181
7314
7320
7332
7351
7366
7385
7401
7411
7419
7452
7458
7484
7517
7538
7539
7548
7559
7562
7723
7742
7752
7761
7777
7820
7845
7867
7872
7940
7991
7994
7018
7032
7038
7051
7088
7099
7100
7109
7117
7152
7153
7157
7162
7215
7217
7262
7267
7270
7282
7289
7290
7298
7302
7310
7325
7331
7378
7405
7418
7420
7437
7441
7470
7473
7481
7491
7508
7516
7532
7541
7555
7573
7604
7635
7687
7691
7705
7716
7718
7736
7737
7743
7779
7826
7850
7852
7863
7868
7877
7890
7901
7908
7923
7934
7972
7026
7063
7087
7095
7104
7114
7123
7130
7136
7139
7147
7168
7170
7183
7195
7197
7212
7219
7221
7231
7250
7254
7276
7283
7288
7307
7308
7311
7312
7324
7335
7338
7361
7362
7380
7381
7383
7402
7444
7449
7464
7469
7488
7489
7498
7505
7514
7529
7530
7537
7554
7563
7569
7580
7582
7585
7591
7609
7622
7623
7634
7643
7661
7662
7665
7677
7693
7706
7709
7714
7738
7746
7751
7755
7768
7782
7784
7793
7797
7798
7832
7837
7841
7846
7860
7864
7874
7886
7888
7905
7907
7910
7927
7937
7945
7954
7966
7973
7998
7005
7013
7025
7031
7056
7102
7165
7173
7201
7230
7237
7239
7293
7347
7349
7392
7393
7462
7471
7574
7575
7589
7606
7616
7617
7626
7732
7756
7773
7783
7790
7824
7825
7830
7855
7925
7935
7970
7975
7979
7985
7999
8004
8006
8011
8017
8023
8040
8062
8064
8066
8067
8068
8070
8081
8084
8087
8089
8090
8102
8109
8119
8121
8128
8131
8137
8140
8150
8155
8160
8164
8168
8169
8176
8180
8183
8187
8188
8192
8193
8195
8206
8215
8216
8217
8218
8226
8227
8229
8230
8234
8239
8245
8248
8252
8253
8257
8262
8272
8275
8276
8277
8282
8283
8287
8297
8304
8308
8316
8325
8333
8341
8343
8347
8349
8350
8351
8353
8355
8359
8360
8367
8370
8381
8386
8398
8399
8410
8412
8415
8418
8421
8423
8430
8438
8442
8446
8456
8459
8465
8481
8484
8485
8489
8490
8492
8494
8495
8497
8499
8500
8502
8503
8515
8518
8523
8527
8536
8539
8541
8543
8552
8556
8558
8559
8567
8568
8582
8589
8590
8591
8600
8601
8607
8609
8610
8611
8614
8623
8639
8646
8655
8656
8658
8662
8663
8669
8670
8671
8672
8674
8680
8687
8690
8697
8698
8701
8723
8724
8727
8729
8733
8735
8738
8742
8743
8745
8750
8753
8755
8759
8767
8777
8803
8812
8814
8821
8830
8833
8835
8840
8843
8851
8870
8872
8874
8876
8878
8880
8885
8889
8891
8893
8894
8906
8915
8918
8921
8934
8942
8958
8959
8963
8978
8986
8989
8993
8028
8079
8136
8172
8198
8225
8233
8254
8273
8303
8335
8373
8395
8420
8432
8482
8522
8537
8580
8602
8605
8636
8673
8684
8689
8699
8713
8728
8757
8796
8823
8848
8864
8875
8957
8969
8983
8985
9016
9024
9025
9035
9045
9053
9060
9065
9073
9088
9098
9100
9101
9121
9122
9123
9155
9156
9158
9167
9176
9184
9186
9193
9240
9242
9245
9278
9288
9290
9293
9296
9306
9308
9332
9362
9391
9393
9396
9399
9414
9431
9449
9469
9471
9475
9502
9520
9537
9544
9561
9568
9576
9583
9588
9610
9615
9626
9634
9655
9663
9676
9682
9686
9702
9707
9719
9722
9748
9749
9750
9766
9773
9785
9793
9797
9802
9823
9827
9847
9852
9874
9890
9895
9903
9915
9930
9933
9935
9965
9982
9983
9014
9015
9029
9031
9138
9141
9142
9146
9162
9181
9220
9233
9236
9237
9246
9254
9259
9273
9277
9279
9313
9317
9328
9341
9395
9439
9446
9454
9461
9473
9488
9489
9539
9546
9565
9574
9575
9579
9585
9593
9623
9648
9668
9672
9678
9685
9688
9698
9699
9708
9754
9814
9837
9843
9851
9856
9872
9880
9918
9940
9946
9950
9972
9986
9019
9050
9068
9076
9081
9097
9152
9161
9166
9172
9175
9185
9196
9217
9219
9265
9266
9295
9298
9319
9326
9329
9334
9349
9379
9382
9383
9389
9408
9410
9421
9435
9442
9456
9481
9491
9500
9503
9512
9513
9547
9560
9562
9564
9584
9620
9631
9632
9636
9647
9664
9670
9673
9675
9677
9695
9709
9721
9727
9751
9772
9790
9794
9803
9815
9846
9878
9882
9886
9906
9909
9912
9920
9938
9939
9953
9956
9988
9993
10007
10013
10017
10020
10023
10039
10048
10052
10053
10060
10061
10074
10075
10076
10078
10086
10090
10093
10102
10105
10110
10113
10125
10131
10132
10133
10134
10137
10142
10149
10154
10159
10162
10170
10172
10174
10176
10179
10181
10185
10190
10193
10204
10205
10210
10211
10214
10215
10217
10220
10229
10233
10235
10241
10247
10252
10257
10258
10267
10268
10270
10271
10280
10282
10287
10305
10311
10314
10323
10327
10338
10340
10343
10347
10348
10353
10359
10365
10371
10375
10378
10384
10387
10392
10393
10397
10399
10408
10409
10412
10415
10420
10426
10433
10439
10441
10442
10443
10446
10448
10449
10451
10461
10465
10468
10473
10475
10479
10482
10483
10486
10491
10494
10497
10498
10499
10501
10502
10504
10512
10532
10536
10541
10548
10552
10555
10556
10558
10559
10560
10569
10571
10574
10577
10582
10594
10598
10603
10608
10613
10617
10618
10624
10627
10628
10630
10637
10641
10645
10647
10648
10649
10652
10656
10664
10665
10671
10677
10680
10681
10682
10687
10689
10690
10698
10708
10718
10719
10726
10730
10734
10737
10739
10740
10752
10757
10765
10769
10771
10778
10782
10788
10795
10802
10805
10810
10816
10819
10827
10829
10831
10836
10837
10847
10853
10854
10862
10863
10867
10876
10878
10881
10882
10885
10886
10887
10888
10889
10907
10908
10911
10912
10920
10921
10925
10935
10936
10937
10939
10940
10945
10946
10948
10956
10961
10965
10971
10972
10973
10975
10978
10984
10985
10990
10992
10999
11054
11056
11064
11076
11082
11085
11088
11101
11119
11136
11160
11168
11172
11189
11196
11202
11217
11240
11249
11281
11285
11286
11305
11308
11318
11319
11338
11339
11340
11356
11370
11383
11414
11438
11459
11462
11463
11468
11476
11479
11487
11488
11492
11532
11545
11564
11570
11574
11587
11589
11594
11598
11602
11625
11632
11646
11664
11666
11690
11702
11711
11722
11723
11738
11741
11746
11756
11778
11782
11792
11840
11874
11887
11896
11914
11921
11928
11937
11942
11943
11957
11964
11968
11972
11976
11980
11982
11993
11002
11005
11015
11016
11024
11032
11045
11058
11066
11073
11074
11095
11102
11108
11112
11113
11116
11122
11124
11142
11145
11149
11177
11185
11187
11198
11219
11221
11227
11228
11257
11270
11280
11300
11334
11344
11364
11372
11373
11378
11381
11382
11394
11407
11432
11456
11495
11502
11507
11528
11534
11539
11559
11565
11569
11583
11588
11603
11604
11606
11610
11612
11660
11668
11675
11704
11710
11733
11736
11743
11745
11757
11770
11772
11787
11794
11796
11797
11802
11806
11807
11823
11826
11831
11835
11836
11841
11842
11847
11862
11872
11873
11875
11880
11881
11961
11977
11001
11003
11027
11036
11038
11043
11061
11072
11079
11096
11111
11125
11138
11141
11158
11163
11182
11183
11192
11203
11207
11213
11215
11233
11283
11342
11348
11358
11375
11395
11397
11402
11408
11434
11465
11475
11531
11533
11538
11615
11626
11628
11734
11735
11749
11781
11799
11818
11819
11839
11866
11888
11889
11891
11895
11899
11904
11907
11940
11950
11958
11973
11981
11998
12001
12003
12007
12008
12026
12027
12038
12039
12041
12045
12050
12055
12072
12078
12090
12099
12106
12116
12131
12135
12158
12159
12168
12176
12178
12183
12184
12185
12196
12198
12216
12217
12224
12233
12234
12240
12245
12247
12248
12250
12261
12284
12288
12294
12297
12299
12303
12309
12311
12351
12352
12359
12364
12418
12421
12423
12432
12433
12438
12461
12465
12475
12478
12483
12489
12501
12502
12527
12535
12539
12551
12555
12556
12590
12595
12599
12601
12606
12609
12614
12627
12632
12638
12642
12643
12646
12647
12651
12653
12654
12656
12661
12679
12692
12700
12707
12711
12714
12719
12724
12733
12737
12742
12744
12757
12761
12766
12778
12779
12786
12797
12805
12812
12820
12824
12827
12832
12836
12838
12841
12848
12886
12892
12897
12903
12910
12923
12927
12933
12945
12951
12961
12969
12970
12971
12989
12002
12011
12019
12022
12053
12058
12060
12080
12100
12119
12134
12145
12150
12195
12203
12215
12235
12251
12257
12259
12278
12286
12301
12312
12324
12366
12379
12393
12428
12437
12524
12534
12542
12543
12561
12566
12575
12588
12592
12602
12612
12618
12622
12634
12636
12658
12686
12755
12773
12785
12792
12796
12846
12851
12862
12863
12891
12913
12950
12958
12964
12976
12987
12998
12006
12014
12028
12070
12093
12101
12128
12139
12179
12218
12220
12237
12254
12255
12272
12287
12325
12372
12375
12392
12424
12460
12476
12506
12511
12513
12548
12550
12585
12626
12652
12688
12718
12727
12753
12783
12788
12811
12830
12852
12869
12875
12908
12922
12925
12930
12941
12949
12979
12996
13003
13010
13017
13025
13048
13050
13053
13056
13057
13065
13068
13081
13086
13090
13104
13114
13132
13139
13141
13146
13147
13151
13158
13163
13170
13194
13199
13213
13236
13242
13247
13252
13260
13282
13287
13299
13301
13303
13327
13336
13340
13345
13347
13356
13360
13364
13373
13374
13378
13384
13385
13389
13399
13419
13425
13429
13430
13436
13440
13446
13450
13455
13460
13472
13477
13478
13486
13495
13500
13506
13517
13521
13527
13533
13553
13563
13569
13575
13586
13589
13592
13608
13610
13612
13613
13628
13632
13638
13643
13647
13651
13658
13665
13666
13701
13726
13728
13736
13749
13755
13761
13766
13769
13771
13784
13788
13798
13818
13831
13866
13868
13877
13887
13888
13889
13891
13893
13898
13919
13920
13926
13932
13948
13952
13971
13986
13987
13988
13994
13995
13999
13001
13005
13008
13014
13022
13026
13031
13055
13058
13084
13107
13123
13127
13144
13148
13161
13169
13171
13196
13224
13230
13257
13297
13320
13424
13435
13443
13451
13489
13490
13504
13518
13537
13543
13545
13591
13617
13625
13627
13630
13645
13659
13668
13673
13685
13703
13711
13717
13725
13767
13793
13795
13797
13838
13844
13847
13880
13884
13934
13973
13982
13011
13039
13082
13112
13115
13211
13222
13238
13253
13267
13272
13294
13317
13333
13349
13357
13372
13381
13388
13458
13502
13514
13528
13570
13573
13576
13594
13596
13619
13623
13634
13637
13642
13655
13677
13684
13714
13729
13734
13757
13763
13785
13826
13840
13886
13892
13901
13915
13929
13950
13989
14002
14027
14036
14051
14067
14093
14104
14113
14119
14128
14131
14138
14174
14183
14187
14190
14210
14215
14218
14225
14291
14306
14310
14312
14319
14329
14332
14371
14400
14440
14441
14458
14475
14510
14512
14520
14521
14546
14549
14554
14592
14595
14618
14634
14644
14679
14690
14707
14711
14712
14721
14740
14745
14751
14757
14763
14773
14793
14809
14813
14830
14852
14904
14917
14925
14931
14940
14942
14949
14956
14986
14007
14008
14009
14013
14014
14026
14030
14032
14042
14047
14055
14056
14068
14070
14075
14078
14082
14086
14088
14090
14094
14108
14115
14120
14122
14129
14141
14150
14152
14170
14180
14193
14202
14206
14216
14219
14221
14237
14242
14244
14245
14248
14249
14250
14264
14266
14268
14276
14281
14299
14311
14320
14321
14324
14327
14346
14348
14353
14354
14357
14360
14362
14374
14377
14378
14384
14387
14396
14409
14415
14422
14430
14442
14444
14454
14456
14459
14461
14467
14471
14489
14492
14500
14501
14504
14519
14533
14537
14539
14540
14542
14552
14555
14560
14569
14570
14571
14572
14574
14576
14578
14596
14598
14603
14610
14655
14656
14657
14659
14663
14670
14681
14682
14684
14693
14703
14708
14714
14716
14720
14726
14729
14730
14731
14737
14746
14750
14753
14758
14760
14765
14787
14790
14807
14811
14812
14831
14832
14838
14843
14845
14848
14858
14862
14867
14875
14876
14883
14885
14887
14898
14899
14941
14945
14961
14968
14979
14983
14989
14991
14992
14999
14041
14111
14197
14226
14293
14298
14341
14517
14529
14543
14727
14742
14788
14804
15001
15003
15011
15015
15029
15031
15036
15039
15040
15052
15063
15065
15076
15077
15078
15080
15083
15088
15092
15100
15102
15113
15160
15161
15165
15174
15183
15217
15241
15244
15260
15270
15272
15279
15287
15304
15317
15322
15346
15352
15366
15369
15377
15414
15415
15416
15419
15420
15426
15430
15431
15438
15448
15458
15466
15480
15484
15486
15488
15489
15490
15508
15510
15512
15514
15516
15526
15528
15542
15548
15562
15568
15584
15602
15604
15607
15612
15615
15618
15623
15627
15635
15640
15658
15671
15673
15675
15690
15691
15695
15706
15714
15718
15722
15725
15738
15740
15742
15745
15750
15754
15761
15762
15769
15775
15785
15786
15790
15793
15796
15804
15811
15815
15820
15823
15864
15865
15866
15880
15885
15895
15897
15904
15905
15923
15932
15937
15938
15947
15948
15955
15960
15964
15967
15976
15983
15988
15997
15007
15024
15047
15051
15064
15096
15109
15131
15145
15146
15156
15157
15166
15168
15196
15198
15201
15214
15225
15245
15246
15247
15248
15267
15274
15296
15308
15320
15331
15339
15373
15381
15396
15425
15437
15444
15457
15471
15478
15503
15515
15532
15552
15555
15557
15558
15591
15597
15608
15625
15634
15639
15652
15664
15672
15676
15677
15693
15702
15715
15777
15799
15803
15806
15807
15817
15834
15859
15874
15876
15883
15889
15894
15902
15918
15920
15922
15926
15956
15975
15999
15020
15021
15038
15049
15075
15087
15112
15126
15134
15172
15242
15256
15283
15298
15321
15324
15385
15391
15392
15394
15400
15477
15491
15536
15576
15585
15622
15632
15643
15650
15669
15674
15707
15744
15747
15748
15791
15819
15821
15835
15852
15887
15965
15993
16021
16024
16034
16039
16086
16103
16177
16194
16202
16204
16213
16220
16232
16249
16251
16257
16285
16324
16326
16328
16329
16367
16385
16386
16440
16443
16457
16468
16496
16499
16515
16522
16569
16605
16660
16671
16694
16743
16776
16796
16835
16858
16870
16904
16919
16929
16945
16954
16969
16976
16995
16999
16003
16016
16018
16029
16031
16032
16052
16053
16054
16061
16066
16072
16077
16079
16085
16089
16099
16108
16109
16111
16113
16118
16120
16124
16130
16133
16136
16137
16139
16144
16147
16148
16151
16152
16154
16159
16160
16162
16163
16164
16165
16166
16168
16172
16173
16187
16190
16193
16196
16200
16205
16209
16211
16215
16217
16224
16225
16229
16231
16234
16236
16239
16242
16244
16245
16246
16252
16253
16256
16261
16264
16269
16270
16274
16277
16291
16301
16314
16327
16332
16343
16349
16353
16358
16361
16364
16365
16374
16375
16379
16382
16388
16391
16403
16406
16407
16413
16419
16428
16429
16438
16447
16454
16459
16491
16493
16498
16507
16513
16517
16519
16525
16532
16548
16552
16563
16565
16574
16579
16590
16596
16598
16619
16629
16630
16638
16640
16644
16648
16650
16654
16655
16656
16659
16664
16668
16684
16689
16695
16696
16702
16708
16710
16712
16727
16728
16729
16734
16735
16737
16739
16749
16755
16760
16773
16780
16784
16787
16791
16797
16798
16803
16807
16808
16810
16816
16817
16824
16831
16845
16860
16867
16868
16869
16874
16878
16886
16888
16891
16892
16897
16901
16906
16907
16911
16915
16922
16924
16928
16936
16938
16941
16943
16946
16947
16955
16956
16962
16966
16975
16982
16987
16996
16998
17073
17118
17126
17131
17164
17196
17224
17234
17309
17388
17395
17410
17472
17509
17536
17614
17618
17627
17628
17636
17674
17690
17711
17748
17795
17800
17807
17863
17865
17896
17902
17915
17003
17009
17015
17022
17026
17031
17036
17043
17048
17050
17056
17060
17062
17063
17069
17071
17075
17076
17081
17092
17096
17102
17105
17108
17112
17113
17114
17116
17125
17128
17136
17139
17143
17154
17155
17161
17163
17166
17171
17174
17183
17188
17194
17198
17202
17204
17206
17210
17217
17220
17221
17226
17228
17241
17251
17253
17256
17258
17267
17271
17277
17278
17284
17286
17292
17296
17304
17314
17324
17326
17330
17338
17343
17357
17359
17362
17373
17383
17391
17393
17394
17406
17407
17411
17414
17421
17427
17433
17434
17442
17448
17453
17460
17467
17468
17469
17471
17478
17481
17488
17491
17500
17505
17507
17515
17519
17532
17534
17540
17544
17556
17569
17576
17577
17578
17581
17587
17589
17590
17592
17598
17599
17604
17608
17620
17639
17641
17646
17654
17659
17669
17676
17680
17683
17685
17687
17700
17709
17713
17720
17722
17723
17727
17734
17739
17741
17747
17752
17754
17755
17770
17771
17775
17777
17782
17785
17788
17792
17808
17815
17818
17821
17827
17829
17836
17845
17847
17854
17855
17857
17871
17872
17878
17883
17886
17897
17900
17903
17904
17913
17922
17926
17927
17928
17929
17944
17953
17954
17956
17960
17962
17968
17974
17978
17980
17981
17985
17989
17995
17996
17997
17998
17999
18003
18006
18008
18021
18027
18030
18031
18033
18034
18035
18036
18037
18038
18043
18048
18049
18052
18056
18057
18060
18061
18063
18064
18068
18069
18071
18083
18087
18093
18095
18099
18107
18115
18118
18119
18121
18129
18131
18135
18136
18139
18145
18147
18151
18154
18155
18160
18162
18166
18168
18169
18173
18180
18185
18187
18195
18204
18208
18209
18210
18211
18218
18219
18226
18228
18231
18236
18238
18249
18250
18258
18262
18267
18268
18270
18271
18274
18282
18283
18284
18285
18288
18294
18295
18300
18303
18304
18309
18311
18320
18321
18328
18334
18336
18339
18341
18345
18348
18349
18355
18358
18359
18364
18365
18367
18368
18372
18375
18377
18379
18387
18390
18392
18394
18399
18404
18408
18411
18412
18414
18416
18417
18420
18422
18425
18426
18428
18432
18436
18443
18455
18456
18459
18460
18471
18478
18481
18482
18485
18488
18489
18493
18496
18503
18505
18506
18508
18511
18521
18522
18531
18532
18535
18538
18544
18554
18557
18558
18569
18570
18577
18582
18584
18586
18589
18593
18595
18597
18598
18599
18606
18621
18628
18634
18635
18641
18645
18652
18654
18664
18665
18668
18669
18674
18681
18693
18696
18697
18699
18700
18701
18702
18709
18712
18718
18724
18726
18738
18739
18749
18755
18759
18767
18771
18772
18777
18783
18787
18793
18795
18796
18798
18800
18802
18807
18810
18811
18813
18814
18819
18820
18825
18829
18830
18837
18839
18840
18841
18847
18850
18852
18853
18854
18856
18857
18861
18867
18868
18869
18872
18873
18874
18875
18876
18879
18881
18883
18888
18893
18895
18896
18899
18901
18904
18910
18911
18916
18920
18926
18927
18930
18931
18934
18936
18937
18940
18941
18943
18947
18949
18950
18952
18954
18959
18960
18961
18962
18966
18968
18976
18983
18988
18993
18994
19003
19033
19064
19081
19099
19100
19109
19110
19152
19171
19244
19266
19267
19285
19289
19292
19296
19310
19321
19328
19343
19369
19412
19434
19443
19448
19457
19458
19470
19473
19493
19496
19503
19511
19522
19540
19554
19597
19608
19610
19625
19636
19640
19655
19657
19677
19687
19716
19720
19757
19772
19773
19782
19835
19837
19873
19893
19900
19914
19932
19969
19976
19979
19999
19018
19060
19078
19108
19130
19231
19246
19298
19317
19351
19367
19386
19411
19436
19452
19483
19529
19541
19552
19555
19568
19664
19735
19754
19793
19802
19847
19870
19871
19875
19881
19901
19911
19968
19977
19995
19067
19090
19120
19146
19279
19280
19396
19471
19487
19499
19519
19538
19578
19623
19624
19665
19710
19719
19762
19819
19832
19867
19946
19975
19000
19022
19059
19069
19076
19097
19113
19129
19133
19136
19137
19140
19163
19173
19189
19201
19211
19216
19239
19254
19255
19299
19306
19334
19344
19361
19379
19390
19398
19405
19414
19419
19420
19424
19445
19449
19462
19465
19474
19475
19484
19525
19564
19582
19594
19616
19685
19744
19752
19753
19759
19760
19766
19767
19774
19797
19852
19859
19864
19879
19880
19903
19912
19923
19934
19937
19944
19958
19965
19990
19993
19994
19014
19046
19051
19053
19061
19065
19082
19092
19098
19154
19176
19178
19196
19225
19227
19257
19268
19269
19283
19290
19311
19312
19337
19339
19350
19371
19374
19380
19415
19427
19430
19467
19468
19537
19563
19590
19592
19595
19601
19611
19620
19643
19676
19682
19684
19721
19728
19739
19827
19841
19853
19857
19858
19862
19863
19878
19949
19951
19974
19989
20008
20023
20064
20065
20119
20121
20131
20138
20148
20164
20176
20192
20219
20246
20263
20286
20316
20329
20338
20339
20348
20381
20392
20423
20431
20433
20442
20445
20453
20485
20486
20570
20582
20590
20608
20659
20729
20767
20795
20809
20869
20873
20883
20908
20909
20985
20037
20058
20071
20136
20154
20165
20191
20249
20253
20259
20274
20287
20301
20311
20354
20416
20437
20490
20568
20586
20724
20754
20803
20877
20921
20969
20971
20981
20982
20002
20003
20005
20009
20027
20050
20051
20053
20055
20066
20086
20092
20102
20109
20111
20116
20117
20126
20129
20146
20150
20160
20162
20169
20198
20203
20209
20227
20238
20240
20247
20254
20261
20267
20271
20273
20275
20284
20292
20294
20295
20303
20308
20309
20322
20327
20332
20335
20337
20340
20343
20344
20368
20374
20385
20390
20394
20397
20403
20409
20412
20415
20417
20427
20443
20456
20467
20473
20482
20493
20495
20496
20512
20522
20524
20535
20537
20542
20545
20549
20554
20565
20573
20577
20579
20581
20583
20592
20610
20630
20631
20638
20642
20644
20647
20658
20662
20683
20684
20696
20712
20716
20717
20734
20735
20736
20742
20745
20762
20774
20780
20799
20805
20810
20813
20830
20833
20834
20841
20853
20854
20855
20857
20858
20863
20874
20875
20886
20892
20895
20897
20910
20911
20916
20922
20926
20927
20939
20946
20951
20953
20959
20964
20973
20979
20988
20017
20042
20043
20106
20123
20145
20181
20197
20208
20422
20444
20450
20468
20470
20487
20507
20510
20538
20543
20569
20594
20611
20623
20624
20639
20661
20675
20691
20699
20713
20821
20865
20866
20878
20912
20934
20936
20945
20956
20962
20966
20999
21001
21013
21022
21028
21032
21053
21061
21064
21067
21082
21091
21093
21094
21098
21105
21109
21111
21113
21123
21125
21129
21130
21132
21143
21144
21145
21151
21155
21159
21170
21186
21193
21200
21202
21206
21209
21216
21221
21225
21246
21254
21263
21272
21280
21289
21291
21294
21299
21317
21318
21332
21333
21342
21371
21374
21381
21383
21389
21390
21395
21414
21424
21434
21435
21441
21453
21455
21465
21505
21511
21513
21519
21536
21542
21544
21555
21556
21569
21574
21575
21578
21579
21582
21588
21603
21606
21611
21630
21631
21635
21637
21644
21647
21652
21654
21657
21658
21664
21678
21685
21688
21695
21698
21699
21730
21737
21739
21740
21742
21743
21760
21769
21771
21778
21780
21783
21791
21796
21800
21806
21808
21816
21817
21821
21823
21832
21836
21838
21841
21843
21868
21881
21882
21883
21884
21890
21894
21897
21899
21901
21903
21911
21917
21928
21937
21939
21947
21948
21953
21957
21963
21967
21972
21984
21985
21021
21034
21051
21078
21084
21117
21157
21158
21199
21210
21232
21236
21258
21260
21304
21305
21308
21315
21326
21335
21341
21352
21368
21384
21416
21417
21439
21440
21442
21451
21463
21464
21476
21480
21493
21497
21507
21508
21530
21549
21552
21557
21560
21564
21580
21584
21585
21586
21596
21622
21627
21642
21673
21675
21679
21682
21687
21690
21696
21717
21736
21754
21758
21770
21794
21799
21809
21815
21819
21850
21854
21858
21879
21902
21906
21916
21919
21923
21942
21970
21974
21976
21977
21986
21987
21996
22100
22114
22120
22123
22125
22134
22146
22157
22160
22167
22171
22186
22198
22202
22247
22297
22316
22317
22326
22346
22361
22373
22375
22404
22409
22410
22417
22428
22452
22459
22462
22484
22512
22514
22520
22551
22560
22561
22564
22572
22576
22584
22589
22611
22617
22627
22630
22634
22651
22711
22785
22795
22799
22811
22819
22821
22829
22847
22890
22896
22899
22936
22940
22947
22961
22962
22963
22967
22976
22992
22042
22046
22047
22052
22082
22132
22139
22175
22216
22296
22343
22365
22372
22378
22493
22504
22549
22593
22642
22645
22677
22732
22793
22862
22870
22904
22926
22930
22941
22956
22989
22997
22016
22106
22111
22193
22212
22223
22225
22232
22243
22357
22366
22384
22391
22461
22469
22473
22475
22477
22500
22562
22585
22625
22654
22679
22714
22731
22736
22740
22747
22753
22764
22766
22770
22776
22780
22813
22833
22863
22872
22892
22909
22913
22939
22953
22960
22982
22004
22006
22018
22022
22031
22035
22037
22048
22049
22054
22064
22065
22077
22115
22136
22155
22179
22199
22203
22208
22215
22229
22231
22238
22252
22271
22275
22279
22311
22322
22328
22337
22342
22348
22349
22355
22368
22383
22405
22411
22413
22435
22444
22450
22460
22479
22487
22495
22507
22513
22527
22532
22533
22535
22597
22598
22616
22648
22660
22669
22671
22681
22696
22703
22705
22706
22712
22724
22756
22762
22767
22769
22778
22779
22782
22789
22792
22798
22806
22827
22866
22884
22889
22910
22914
22935
22942
22957
22959
22983
22985
22998
23029
23087
23152
23176
23248
23258
23265
23311
23312
23368
23370
23390
23404
23411
23447
23475
23477
23594
23603
23604
23643
23658
23683
23728
23758
23776
23794
23844
23890
23897
23935
23946
23008
23019
23039
23064
23075
23098
23108
23125
23159
23161
23165
23187
23209
23215
23234
23253
23278
23279
23280
23285
23292
23296
23310
23313
23333
23345
23346
23358
23372
23419
23426
23427
23431
23436
23440
23445
23449
23461
23482
23489
23537
23539
23556
23560
23598
23599
23607
23611
23635
23680
23682
23698
23705
23710
23714
23723
23730
23734
23748
23780
23841
23842
23862
23875
23876
23893
23895
23905
23909
23913
23920
23930
23936
23948
23956
23965
23973
23985
23017
23046
23061
23069
23073
23117
23120
23137
23153
23179
23210
23211
23216
23221
23231
23257
23274
23294
23297
23301
23308
23331
23337
23350
23371
23381
23384
23389
23416
23448
23463
23468
23474
23491
23495
23501
23509
23531
23532
23561
23572
23580
23602
23605
23612
23613
23628
23641
23642
23652
23656
23661
23675
23677
23733
23735
23755
23765
23836
23865
23873
23886
23906
23908
23937
23978
23104
23107
23118
23140
23143
23145
23158
23186
23241
23300
23305
23357
23367
23374
23423
23441
23454
23478
23481
23486
23507
23514
23554
23587
23610
23626
23648
23653
23685
23694
23703
23753
23784
23789
23821
23872
23882
23888
23896
23916
23921
23953
24008
24027
24032
24041
24047
24048
24049
24059
24062
24078
24085
24092
24099
24106
24110
24120
24121
24122
24125
24126
24131
24139
24143
24144
24146
24147
24150
24158
24159
24170
24172
24175
24179
24186
24187
24197
24209
24212
24214
24219
24223
24225
24230
24239
24243
24250
24258
24261
24273
24275
24283
24297
24308
24311
24312
24321
24322
24325
24329
24335
24343
24350
24364
24370
24372
24379
24404
24413
24416
24433
24435
24439
24440
24441
24442
24447
24451
24454
24456
24465
24466
24468
24472
24495
24497
24502
24511
24516
24555
24565
24568
24570
24572
24574
24582
24589
24596
24597
24605
24624
24629
24641
24647
24651
24659
24680
24681
24687
24691
24698
24709
24710
24711
24720
24724
24732
24733
24740
24751
24752
24755
24760
24775
24784
24785
24787
24796
24798
24809
24811
24814
24815
24838
24839
24840
24842
24850
24859
24862
24864
24866
24871
24875
24878
24896
24899
24901
24909
24914
24918
24920
24921
24923
24928
24932
24941
24943
24947
24954
24957
24959
24975
24981
24985
24990
24999
24053
24064
24088
24136
24166
24199
24208
24211
24246
24260
24280
24290
24291
24294
24316
24376
24384
24387
24418
24474
24477
24490
24513
24542
24566
24581
24644
24652
24661
24668
24675
24693
24703
24727
24739
24766
24783
24874
24906
24924
24962
24036
24038
24054
24073
24101
24105
24114
24177
24181
24182
24183
24229
24281
24313
24336
24374
24377
24386
24409
24457
24475
24480
24515
24539
24580
24586
24599
24607
24609
24623
24700
24712
24765
24816
24865
24877
24881
24882
24894
24907
24922
24931
24953
24960
24965
24983
24993
25004
25006
25008
25013
25017
25021
25038
25041
25055
25062
25065
25072
25088
25090
25106
25107
25123
25126
25130
25139
25142
25148
25151
25153
25174
25189
25192
25197
25198
25208
25220
25227
25230
25238
25242
25243
25253
25259
25279
25285
25289
25298
25303
25322
25327
25331
25338
25352
25366
25368
25374
25377
25380
25381
25437
25446
25454
25455
25457
25465
25488
25494
25503
25506
25509
25523
25528
25529
25541
25545
25547
25552
25558
25562
25577
25580
25588
25589
25590
25592
25593
25619
25622
25633
25637
25647
25652
25656
25658
25665
25676
25683
25686
25699
25700
25703
25704
25705
25708
25712
25717
25718
25729
25743
25746
25748
25750
25756
25763
25765
25767
25769
25771
25772
25778
25781
25802
25805
25825
25854
25862
25868
25871
25872
25874
25875
25882
25886
25897
25899
25908
25910
25914
25921
25922
25925
25927
25929
25931
25939
25946
25956
25957
25958
25959
25967
25980
25982
25988
25991
25026
25028
25031
25032
25040
25054
25070
25091
25092
25095
25161
25167
25172
25193
25202
25205
25214
25235
25236
25251
25281
25290
25291
25307
25340
25369
25373
25386
25404
25406
25416
25428
25447
25456
25458
25477
25484
25489
25493
25507
25517
25530
25532
25534
25539
25583
25609
25618
25667
25716
25736
25759
25768
25773
25815
25841
25843
25861
25909
25917
25987
25020
25027
25037
25060
25102
25108
25110
25120
25121
25149
25218
25225
25229
25234
25241
25297
25300
25308
25312
25320
25328
25332
25364
25385
25415
25419
25475
25476
25510
25549
25553
25611
25612
25629
25640
25671
25675
25690
25702
25706
25719
25742
25751
25811
25817
25885
25895
25930
25996
25997
26001
26017
26021
26061
26062
26070
26089
26090
26099
26100
26117
26123
26135
26143
26158
26161
26173
26186
26195
26196
26199
26201
26216
26225
26230
26239
26254
26265
26273
26304
26311
26317
26323
26324
26326
26327
26358
26378
26381
26397
26401
26419
26424
26429
26434
26448
26462
26464
26466
26472
26493
26495
26507
26511
26512
26515
26523
26526
26547
26551
26563
26565
26569
26570
26575
26583
26590
26609
26625
26629
26632
26639
26642
26647
26649
26655
26657
26670
26693
26699
26716
26728
26731
26733
26735
26743
26747
26753
26755
26759
26775
26778
26787
26790
26791
26795
26808
26813
26817
26821
26824
26834
26836
26849
26859
26864
26871
26880
26885
26887
26928
26929
26944
26948
26949
26955
26959
26965
26968
26970
26973
26981
26991
26993
26994
26009
26022
26036
26045
26077
26085
26096
26118
26131
26155
26167
26175
26183
26202
26219
26233
26237
26241
26242
26253
26255
26261
26267
26277
26293
26309
26312
26337
26343
26347
26367
26379
26387
26400
26409
26432
26456
26469
26473
26486
26539
26560
26596
26606
26726
26736
26748
26776
26870
26878
26888
26908
26921
26938
26990
26047
26051
26067
26068
26074
26101
26104
26156
26169
26170
26181
26182
26184
26188
26193
26223
26231
26238
26262
26275
26282
26285
26296
26308
26314
26320
26321
26334
26348
26360
26362
26363
26389
26407
26422
26439
26446
26449
26453
26460
26476
26518
26545
26548
26552
26566
26626
26653
26690
26691
26704
26718
26720
26721
26723
26724
26725
26741
26752
26772
26803
26812
26815
26835
26855
26863
26890
26894
26914
26933
26934
26941
26979
26983
26995
27007
27012
27016
27044
27069
27073
27110
27140
27143
27145
27146
27149
27151
27153
27160
27174
27177
27181
27191
27195
27206
27207
27212
27215
27232
27240
27243
27252
27260
27261
27264
27284
27286
27294
27297
27298
27300
27308
27310
27312
27329
27331
27343
27344
27357
27363
27365
27373
27382
27385
27421
27431
27437
27486
27487
27501
27515
27522
27548
27552
27569
27573
27578
27586
27612
27616
27621
27623
27647
27664
27670
27674
27682
27688
27703
27712
27718
27728
27740
27746
27747
27768
27772
27782
27795
27818
27832
27833
27855
27864
27867
27870
27871
27878
27895
27916
27918
27922
27939
27945
27946
27949
27952
27964
27966
27971
27972
27976
27990
27995
27997
27008
27018
27054
27066
27081
27082
27095
27098
27125
27138
27214
27217
27234
27255
27280
27291
27320
27323
27324
27336
27338
27348
27354
27367
27374
27386
27391
27395
27422
27442
27465
27475
27477
27504
27505
27506
27507
27544
27555
27568
27588
27603
27604
27607
27613
27626
27650
27659
27667
27672
27680
27685
27710
27720
27729
27731
27744
27764
27767
27769
27776
27778
27787
27793
27800
27803
27810
27824
27872
27887
27899
27905
27926
27937
27009
27035
27045
27051
27057
27085
27086
27099
27100
27111
27134
27136
27150
27163
27192
27196
27198
27210
27213
27219
27223
27238
27253
27257
27276
27281
27293
27305
27309
27311
27315
27316
27347
27364
27384
27392
27393
27402
27428
27432
27435
27452
27456
27464
27466
27481
27485
27491
27499
27512
27526
27532
27537
27562
27574
27580
27581
27582
27597
27666
27673
27690
27705
27717
27732
27738
27750
27770
27781
27783
27814
27828
27858
27883
27886
27917
27927
27928
27950
27962
27987
27989
27991
28001
28022
28027
28078
28101
28122
28218
28289
28329
28338
28355
28376
28391
28396
28398
28404
28415
28436
28481
28527
28583
28593
28594
28614
28659
28682
28687
28703
28719
28724
28775
28840
28842
28850
28875
28881
28899
28915
28917
28926
28940
28969
28994
28005
28012
28015
28046
28052
28059
28061
28062
28063
28064
28066
28071
28079
28080
28082
28083
28087
28094
28096
28100
28110
28112
28115
28118
28119
28120
28123
28132
28144
28146
28149
28152
28155
28165
28179
28184
28186
28193
28209
28210
28213
28220
28221
28224
28232
28233
28255
28265
28270
28272
28275
28280
28299
28301
28302
28303
28305
28309
28315
28318
28323
28325
28328
28334
28342
28353
28356
28366
28367
28370
28375
28377
28379
28387
28399
28402
28407
28409
28417
28421
28422
28423
28429
28431
28441
28444
28445
28455
28456
28466
28468
28474
28477
28479
28485
28487
28494
28496
28501
28502
28508
28510
28513
28516
28519
28520
28530
28531
28535
28537
28539
28542
28546
28550
28555
28559
28565
28568
28571
28589
28597
28608
28609
28612
28620
28626
28628
28631
28638
28651
28653
28654
28655
28658
28660
28662
28663
28666
28685
28688
28691
28692
28697
28707
28709
28727
28728
28730
28731
28734
28740
28745
28749
28766
28772
28778
28802
28804
28807
28809
28815
28817
28825
28827
28833
28837
28844
28845
28848
28853
28854
28863
28871
28873
28880
28885
28888
28912
28914
28916
28921
28933
28942
28943
28948
28950
28951
28957
28966
28970
28972
28976
28983
28984
28988
28989
28992
28993
28995
29013
29040
29050
29072
29083
29084
29103
29107
29119
29121
29122
29176
29182
29198
29217
29224
29227
29249
29256
29274
29290
29306
29309
29322
29353
29365
29370
29379
29392
29416
29431
29432
29444
29463
29467
29477
29479
29512
29518
29520
29522
29532
29548
29552
29553
29554
29555
29559
29580
29595
29596
29628
29632
29634
29640
29647
29652
29657
29677
29681
29687
29692
29726
29732
29734
29760
29762
29778
29780
29793
29805
29806
29807
29833
29834
29839
29840
29845
29878
29887
29888
29889
29907
29910
29914
29916
29925
29929
29934
29943
29957
29958
29969
29991
29995
29015
29028
29093
29097
29099
29117
29165
29166
29177
29197
29204
29213
29214
29339
29351
29384
29413
29429
29486
29508
29697
29751
29837
29841
29882
29900
29922
29009
29012
29018
29020
29029
29039
29041
29059
29078
29087
29092
29095
29098
29101
29106
29108
29113
29116
29142
29149
29179
29180
29192
29195
29199
29200
29216
29241
29267
29271
29283
29295
29305
29308
29315
29324
29329
29350
29366
29386
29408
29415
29419
29421
29433
29445
29446
29448
29450
29466
29481
29487
29488
29489
29498
29501
29527
29539
29561
29564
29578
29581
29583
29604
29606
29614
29615
29616
29617
29633
29641
29667
29669
29672
29675
29695
29698
29699
29716
29752
29759
29765
29772
29774
29777
29784
29786
29787
29795
29797
29801
29812
29813
29817
29818
29853
29856
29859
29869
29870
29902
29904
29908
29913
29937
29940
29944
29953
29956
29992
30030
30035
30040
30042
30045
30054
30063
30066
30074
30081
30082
30084
30095
30098
30108
30140
30147
30148
30150
30153
30187
30222
30229
30235
30254
30296
30342
30347
30354
30380
30381
30383
30397
30410
30484
30509
30535
30571
30592
30626
30639
30644
30656
30671
30693
30702
30714
30726
30733
30740
30742
30770
30795
30804
30809
30840
30845
30873
30922
30945
30963
30971
30979
30980
30989
30999
30004
30009
30023
30032
30044
30049
30051
30056
30096
30097
30099
30110
30114
30126
30143
30146
30152
30154
30163
30177
30189
30192
30198
30203
30205
30211
30216
30250
30255
30260
30270
30273
30277
30285
30298
30305
30307
30310
30315
30329
30343
30349
30353
30373
30374
30385
30386
30394
30415
30427
30433
30434
30437
30442
30471
30472
30475
30479
30488
30496
30499
30522
30541
30542
30553
30589
30599
30602
30625
30640
30646
30660
30662
30669
30684
30686
30687
30690
30691
30708
30727
30728
30731
30732
30773
30786
30788
30790
30820
30826
30832
30851
30852
30856
30863
30865
30881
30888
30906
30911
30914
30916
30921
30923
30937
30941
30943
30958
30967
30969
30970
30972
30987
30988
30991
30001
30011
30041
30069
30077
30087
30094
30134
30135
30191
30202
30206
30209
30213
30225
30241
30263
30282
30283
30288
30312
30313
30319
30328
30332
30346
30355
30356
30364
30378
30388
30391
30399
30407
30412
30414
30421
30422
30441
30447
30462
30486
30491
30511
30514
30516
30518
30529
30534
30540
30543
30552
30582
30604
30611
30614
30623
30627
30634
30647
30658
30683
30696
30699
30700
30703
30707
30713
30725
30734
30745
30755
30758
30780
30782
30805
30808
30819
30823
30824
30830
30833
30837
30858
30866
30878
30890
30893
30899
30926
30928
30942
30951
30956
30959
30964
30998
31000
31003
31014
31022
31026
31032
31044
31060
31061
31067
31075
31081
31086
31088
31106
31119
31121
31123
31126
31130
31140
31175
31176
31177
31186
31192
31199
31200
31213
31223
31225
31234
31238
31247
31253
31254
31255
31268
31270
31271
31288
31296
31299
31305
31308
31321
31327
31330
31333
31350
31351
31353
31368
31373
31382
31388
31400
31401
31410
31415
31419
31420
31424
31439
31444
31445
31447
31453
31456
31464
31467
31468
31469
31480
31487
31493
31499
31512
31520
31521
31527
31533
31536
31541
31559
31561
31569
31574
31577
31580
31588
31590
31592
31593
31600
31603
31606
31609
31610
31621
31632
31634
31636
31639
31643
31656
31663
31666
31669
31680
31688
31692
31703
31704
31705
31722
31724
31727
31738
31747
31757
31760
31777
31783
31794
31802
31803
31807
31809
31822
31823
31833
31837
31838
31841
31842
31847
31849
31856
31861
31865
31866
31867
31872
31877
31901
31906
31914
31915
31925
31927
31930
31934
31939
31943
31945
31962
31972
31977
31981
31984
31989
31998
31005
31007
31010
31016
31037
31040
31043
31045
31047
31051
31058
31071
31095
31141
31162
31173
31185
31221
31222
31232
31237
31243
31263
31264
31274
31284
31298
31328
31338
31342
31344
31352
31370
31372
31374
31376
31378
31390
31406
31427
31429
31431
31450
31452
31466
31474
31490
31492
31511
31516
31519
31547
31554
31562
31564
31568
31573
31584
31598
31615
31624
31630
31645
31671
31678
31685
31694
31697
31709
31723
31735
31740
31752
31756
31771
31774
31776
31801
31808
31810
31826
31840
31883
31884
31890
31891
31898
31918
31921
31923
31937
31938
31946
31958
31964
31966
31979
32001
32005
32022
32024
32025
32033
32035
32040
32041
32054
32060
32075
32078
32083
32108
32119
32123
32139
32142
32152
32153
32154
32171
32173
32181
32188
32194
32196
32197
32200
32201
32213
32220
32225
32227
32230
32234
32237
32244
32253
32261
32266
32268
32270
32280
32290
32310
32318
32325
32336
32345
32352
32355
32356
32357
32360
32367
32370
32376
32386
32390
32395
32397
32406
32414
32421
32429
32443
32452
32458
32461
32469
32484
32485
32494
32498
32511
32520
32522
32523
32530
32533
32537
32566
32574
32583
32585
32594
32598
32605
32612
32614
32621
32623
32630
32631
32636
32651
32655
32657
32658
32666
32668
32674
32675
32684
32689
32695
32700
32712
32714
32720
32721
32732
32752
32765
32779
32781
32782
32790
32791
32794
32814
32824
32829
32832
32837
32838
32844
32846
32851
32859
32872
32883
32888
32893
32898
32911
32913
32916
32917
32919
32920
32925
32928
32936
32943
32944
32950
32952
32953
32959
32967
32977
32978
32979
32982
32992
32004
32015
32028
32037
32063
32074
32076
32080
32131
32137
32159
32170
32176
32190
32229
32241
32262
32299
32327
32332
32347
32349
32358
32368
32372
32424
32432
32455
32467
32488
32508
32528
32543
32551
32560
32582
32588
32593
32599
32604
32610
32638
32650
32665
32670
32678
32708
32745
32757
32758
32767
32778
32792
32796
32804
32828
32853
32867
32869
32901
32914
32949
32968
32976
32995
32000
32019
32046
32048
32068
32088
32098
32102
32126
32136
32158
32164
32174
32192
32193
32257
32263
32283
32286
32295
32312
32319
32344
32348
32350
32388
32391
32404
32413
32415
32430
32442
32447
32451
32473
32479
32480
32496
32545
32572
32579
32592
32611
32613
32663
32741
32754
32785
32798
32815
32827
32864
32880
32884
32889
32955
32987
32988
32996
33000
33002
33003
33006
33014
33017
33021
33031
33033
33036
33039
33053
33055
33056
33057
33059
33064
33067
33068
33073
33079
33084
33086
33089
33095
33099
33109
33116
33117
33125
33131
33134
33135
33142
33150
33162
33164
33166
33171
33174
33176
33177
33178
33184
33189
33191
33195
33213
33214
33217
33218
33219
33221
33223
33237
33238
33252
33254
33260
33263
33265
33267
33270
33271
33282
33284
33285
33286
33294
33295
33297
33302
33308
33310
33311
33316
33317
33323
33324
33327
33329
33332
33339
33341
33342
33351
33352
33353
33354
33355
33356
33358
33360
33366
33369
33370
33371
33372
33373
33374
33376
33384
33388
33390
33392
33394
33408
33412
33413
33414
33416
33420
33421
33424
33425
33430
33432
33435
33436
33441
33446
33448
33453
33454
33457
33459
33460
33465
33466
33467
33470
33471
33474
33476
33480
33483
33494
33501
33502
33504
33505
33507
33514
33516
33520
33521
33525
33528
33531
33533
33535
33541
33542
33543
33554
33555
33557
33558
33559
33561
33569
33572
33576
33577
33578
33583
33586
33591
33606
33607
33610
33616
33617
33623
33624
33626
33633
33637
33643
33660
33661
33663
33664
33665
33666
33667
33671
33678
33683
33684
33686
33691
33699
33702
33706
33707
33710
33714
33720
33723
33725
33730
33733
33738
33739
33740
33743
33744
33745
33761
33765
33766
33770
33777
33783
33784
33790
33797
33798
33807
33809
33813
33827
33828
33833
33843
33854
33855
33861
33864
33868
33871
33879
33883
33884
33885
33888
33893
33896
33900
33902
33903
33904
33908
33912
33913
33925
33928
33932
33934
33936
33939
33941
33942
33943
33945
33947
33949
33953
33954
33960
33963
33969
33970
33974
33975
33998
34007
34034
34041
34042
34052
34082
34146
34166
34182
34207
34220
34248
34316
34323
34350
34425
34431
34440
34442
34475
34478
34480
34508
34531
34576
34609
34634
34642
34674
34702
34708
34722
34741
34742
34783
34797
34802
34811
34818
34822
34831
34854
34859
34863
34957
34988
34000
34005
34012
34031
34086
34094
34103
34115
34123
34138
34173
34177
34179
34184
34188
34193
34200
34215
34229
34261
34276
34285
34311
34326
34333
34388
34392
34398
34409
34424
34456
34465
34466
34469
34479
34542
34549
34550
34573
34577
34597
34604
34615
34620
34626
34640
34643
34645
34653
34679
34692
34703
34704
34706
34724
34785
34800
34827
34838
34841
34862
34881
34923
34929
34939
34944
34951
34959
34967
34971
34982
34990
34001
34003
34013
34023
34026
34027
34067
34069
34098
34101
34106
34117
34124
34147
34164
34172
34178
34187
34202
34205
34210
34217
34221
34225
34237
34249
34263
34278
34280
34283
34290
34309
34312
34319
34328
34376
34378
34379
34390
34395
34412
34421
34429
34436
34455
34496
34551
34557
34571
34603
34662
34664
34676
34682
34686
34711
34725
34738
34745
34746
34753
34761
34764
34804
34807
34821
34826
34832
34842
34846
34860
34874
34875
34879
34884
34899
34909
34910
34920
34930
34936
34947
34972
34980
34985
34025
34028
34035
34073
34077
34085
34137
34148
34156
34176
34238
34239
34250
34284
34325
34336
34344
34347
34361
34375
34393
34399
34404
34510
34521
34522
34547
34548
34606
34646
34648
34650
34672
34678
34696
34726
34735
34743
34757
34767
34771
34772
34808
34810
34837
34856
34865
34871
34887
34918
34932
34945
34949
34979
