Group 8.txt condensed by commonality!
29
33
35
36
47
52
62
79
86
87
88
135
144
146
150
177
188
194
198
201
205
210
221
223
234
236
251
283
288
306
318
330
332
336
347
358
371
393
407
412
439
471
491
511
519
557
559
574
594
595
602
610
614
615
629
633
637
651
662
700
704
728
775
798
829
858
895
923
925
931
942
956
973
976
14
23
63
69
95
96
100
101
102
109
124
128
132
133
145
152
159
170
180
215
220
239
248
256
257
258
266
271
280
286
287
291
300
346
408
420
435
438
443
478
531
558
568
601
603
604
609
616
624
644
682
691
703
706
708
709
711
744
769
806
807
816
831
846
863
864
907
933
970
971
991
996
1007
1008
1019
1021
1032
1034
1035
1039
1052
1054
1055
1068
1070
1083
1085
1094
1124
1142
1148
1157
1202
1207
1212
1216
1228
1229
1236
1238
1239
1244
1245
1250
1260
1262
1271
1272
1288
1293
1299
1307
1322
1332
1336
1355
1357
1362
1365
1379
1380
1381
1388
1391
1395
1416
1417
1431
1458
1462
1464
1466
1474
1494
1511
1516
1531
1544
1545
1550
1564
1574
1584
1598
1602
1610
1611
1625
1639
1642
1667
1683
1695
1698
1710
1725
1733
1740
1755
1763
1775
1787
1791
1812
1821
1831
1849
1857
1862
1864
1874
1875
1932
1934
1942
1962
1974
1975
1979
1980
1988
1993
1995
1036
1060
1097
1105
1112
1114
1143
1184
1200
1204
1213
1220
1221
1241
1253
1257
1261
1310
1323
1343
1368
1374
1392
1415
1446
1455
1477
1519
1525
1532
1557
1563
1568
1621
1630
1685
1687
1715
1756
1800
1807
1828
1850
1883
1886
1901
1904
1959
1971
1977
2002
2015
2020
2033
2039
2049
2055
2057
2061
2064
2076
2077
2080
2088
2090
2094
2099
2104
2110
2129
2141
2144
2145
2164
2172
2177
2181
2184
2213
2214
2227
2231
2233
2234
2249
2252
2274
2280
2297
2298
2299
2315
2317
2328
2348
2360
2367
2372
2411
2419
2422
2433
2450
2467
2488
2493
2496
2499
2503
2514
2515
2527
2531
2534
2564
2574
2581
2597
2599
2600
2604
2612
2635
2638
2658
2666
2673
2676
2678
2697
2701
2707
2717
2724
2761
2778
2779
2798
2802
2808
2817
2823
2840
2851
2854
2865
2874
2900
2903
2918
2926
2952
2956
2961
2973
2978
2989
2008
2011
2013
2047
2247
2314
2345
2528
2545
2591
2641
2655
2662
2667
2715
2722
2786
2796
2803
2805
2839
2852
2875
2876
2931
2949
2953
2982
3024
3062
3066
3153
3191
3209
3238
3355
3459
3485
3573
3635
3676
3678
3770
3782
3789
3790
3792
3844
3849
3943
3002
3051
3076
3097
3130
3138
3158
3168
3322
3402
3418
3427
3451
3462
3498
3502
3565
3577
3589
3670
3671
3674
3733
3774
3798
3926
3941
3965
3969
3014
3030
3036
3061
3082
3083
3096
3102
3105
3134
3142
3170
3178
3182
3212
3219
3234
3273
3279
3285
3286
3287
3293
3294
3313
3317
3324
3331
3340
3362
3379
3392
3411
3412
3413
3422
3424
3428
3433
3436
3444
3448
3450
3463
3466
3467
3468
3472
3481
3488
3507
3520
3521
3522
3533
3542
3549
3550
3556
3561
3572
3579
3581
3603
3609
3611
3613
3615
3633
3646
3647
3656
3667
3673
3685
3688
3701
3703
3709
3722
3748
3797
3813
3819
3821
3828
3832
3838
3848
3859
3876
3882
3886
3890
3892
3900
3908
3935
3936
3949
3964
3970
3972
3975
3981
3982
3990
3993
3994
4020
4025
4039
4050
4094
4147
4168
4169
4191
4285
4304
4308
4311
4318
4320
4336
4351
4371
4379
4405
4436
4458
4465
4471
4501
4516
4517
4536
4541
4542
4552
4558
4580
4632
4637
4641
4644
4653
4686
4717
4722
4729
4767
4771
4793
4817
4835
4838
4840
4860
4872
4888
4900
4910
4935
4955
4970
4989
4006
4011
4015
4018
4023
4033
4038
4045
4062
4072
4073
4109
4119
4135
4139
4149
4152
4157
4161
4163
4170
4187
4216
4231
4239
4245
4246
4266
4269
4274
4282
4307
4331
4333
4337
4368
4370
4376
4384
4388
4397
4421
4422
4433
4444
4449
4459
4481
4491
4493
4499
4508
4532
4534
4538
4553
4554
4561
4577
4585
4589
4597
4615
4629
4646
4664
4669
4676
4682
4684
4689
4700
4701
4703
4704
4716
4721
4734
4741
4759
4783
4784
4787
4794
4827
4829
4859
4871
4876
4879
4885
4894
4907
4916
4917
4942
4943
4945
4950
4963
4984
4986
5002
5008
5011
5022
5029
5040
5042
5046
5047
5054
5071
5081
5100
5106
5107
5111
5129
5133
5135
5136
5158
5159
5183
5199
5200
5201
5213
5222
5241
5267
5275
5285
5306
5317
5326
5331
5334
5351
5353
5357
5358
5379
5386
5392
5394
5396
5405
5407
5414
5421
5427
5440
5443
5444
5468
5479
5493
5503
5514
5518
5523
5526
5535
5536
5540
5557
5561
5588
5592
5597
5616
5617
5629
5644
5651
5676
5677
5683
5693
5702
5710
5714
5715
5724
5736
5744
5752
5760
5764
5772
5781
5790
5797
5835
5854
5863
5874
5875
5889
5896
5912
5923
5924
5929
5966
5971
5975
5991
5994
5999
5032
5045
5056
5061
5068
5086
5092
5104
5134
5148
5155
5169
5192
5249
5255
5281
5295
5310
5328
5372
5453
5477
5478
5499
5508
5522
5530
5531
5559
5580
5589
5630
5634
5686
5695
5696
5697
5721
5746
5791
5825
5844
5855
5856
5885
5902
5904
5905
5930
5986
5989
5990
6003
6011
6029
6054
6077
6096
6108
6111
6129
6140
6146
6169
6195
6201
6215
6217
6224
6245
6253
6269
6272
6280
6297
6308
6309
6325
6339
6341
6345
6372
6394
6397
6411
6424
6440
6469
6478
6502
6505
6512
6534
6535
6541
6546
6589
6598
6605
6624
6632
6637
6643
6653
6657
6662
6696
6698
6704
6708
6709
6712
6717
6728
6746
6774
6778
6840
6843
6862
6868
6886
6922
6939
6943
6971
6974
6001
6007
6023
6038
6063
6085
6089
6093
6095
6101
6116
6141
6162
6163
6164
6170
6172
6177
6178
6188
6223
6243
6244
6258
6265
6274
6317
6331
6349
6377
6389
6402
6410
6421
6436
6441
6443
6449
6457
6467
6470
6480
6481
6483
6484
6498
6520
6540
6555
6571
6581
6600
6601
6619
6626
6642
6645
6663
6670
6680
6713
6721
6731
6755
6756
6794
6800
6806
6829
6831
6835
6844
6850
6866
6885
6899
6914
6915
6917
6918
6921
6931
6933
6942
6950
6958
6962
6964
6966
6995
7000
7002
7007
7012
7014
7020
7022
7024
7029
7034
7035
7041
7049
7050
7062
7067
7073
7081
7089
7090
7105
7113
7126
7128
7132
7141
7143
7146
7148
7159
7179
7210
7226
7246
7247
7261
7266
7271
7284
7286
7303
7306
7323
7339
7342
7372
7387
7394
7398
7407
7408
7412
7414
7415
7428
7436
7460
7466
7475
7482
7492
7493
7507
7509
7543
7545
7547
7551
7552
7561
7572
7578
7586
7598
7599
7600
7601
7615
7619
7629
7631
7638
7639
7641
7657
7663
7676
7698
7699
7731
7733
7758
7769
7770
7771
7775
7796
7804
7816
7817
7819
7822
7873
7880
7884
7893
7902
7915
7918
7926
7932
7950
7956
7960
7965
7969
7986
7987
7989
7990
7001
7078
7096
7171
7192
7202
7216
7240
7265
7348
7358
7370
7382
7389
7397
7399
7440
7479
7588
7669
7750
7789
7906
7909
7967
7983
8026
8029
8042
8054
8103
8104
8138
8142
8143
8151
8156
8162
8170
8181
8202
8222
8236
8285
8289
8332
8356
8364
8404
8408
8414
8417
8426
8439
8453
8474
8509
8510
8526
8578
8585
8588
8625
8627
8650
8652
8660
8685
8702
8703
8706
8709
8714
8746
8747
8765
8772
8782
8801
8805
8806
8846
8867
8888
8892
8896
8937
8948
8961
8964
8001
8008
8013
8014
8015
8027
8038
8048
8075
8105
8106
8111
8113
8120
8122
8124
8125
8126
8134
8163
8231
8237
8238
8255
8269
8280
8288
8292
8312
8328
8344
8354
8357
8366
8388
8393
8394
8397
8400
8431
8444
8454
8460
8475
8483
8491
8493
8501
8511
8528
8547
8548
8557
8565
8566
8574
8584
8592
8594
8596
8608
8629
8633
8637
8653
8686
8691
8695
8696
8711
8718
8730
8734
8741
8752
8758
8762
8786
8788
8792
8795
8810
8822
8825
8842
8853
8854
8860
8865
8866
8901
8910
8913
8933
8943
8952
8966
8972
8974
8980
8981
8982
8992
9011
9033
9043
9086
9095
9113
9124
9144
9151
9154
9179
9192
9235
9243
9249
9305
9333
9343
9346
9388
9397
9524
9607
9621
9638
9639
9650
9661
9681
9693
9734
9739
9744
9755
9780
9787
9800
9805
9836
9924
9968
9981
9008
9018
9020
9023
9039
9041
9044
9048
9049
9052
9058
9083
9103
9104
9131
9133
9134
9136
9153
9174
9178
9191
9198
9211
9214
9227
9230
9239
9270
9287
9289
9318
9322
9323
9325
9330
9345
9354
9355
9359
9364
9378
9381
9385
9387
9394
9403
9418
9424
9441
9455
9459
9463
9466
9476
9504
9511
9518
9523
9529
9532
9548
9550
9573
9590
9592
9599
9604
9605
9608
9617
9627
9642
9646
9658
9691
9694
9704
9713
9716
9718
9723
9726
9733
9752
9753
9759
9764
9775
9776
9779
9781
9784
9813
9817
9834
9838
9839
9860
9877
9892
9948
9957
9958
9970
9975
9977
9984
9985
9995
9997
10001
10010
10019
10038
10042
10056
10064
10088
10098
10115
10117
10121
10146
10153
10158
10164
10178
10180
10184
10187
10191
10192
10197
10216
10226
10228
10234
10236
10244
10260
10272
10281
10284
10285
10291
10295
10300
10312
10313
10315
10320
10324
10334
10345
10357
10358
10363
10368
10377
10379
10382
10394
10403
10404
10428
10437
10452
10454
10455
10466
10467
10472
10476
10484
10485
10505
10514
10516
10530
10542
10561
10562
10567
10583
10588
10597
10602
10607
10609
10616
10620
10635
10638
10646
10661
10674
10697
10701
10703
10709
10717
10721
10723
10724
10729
10732
10744
10761
10768
10790
10793
10796
10803
10814
10823
10830
10834
10840
10841
10844
10846
10848
10857
10859
10861
10865
10872
10873
10877
10879
10893
10929
10934
10943
10954
10955
10962
10964
10967
10968
10981
10993
10002
10015
10024
10041
10085
10107
10221
10266
10297
10298
10301
10321
10341
10366
10425
10464
10481
10518
10544
10576
10578
10590
10595
10650
10663
10704
10751
10762
10779
10820
10860
10892
10901
10915
11010
11014
11023
11026
11028
11041
11052
11071
11081
11083
11087
11092
11100
11134
11147
11151
11153
11167
11171
11178
11184
11186
11205
11216
11239
11241
11243
11246
11250
11261
11265
11266
11276
11279
11288
11290
11299
11303
11304
11307
11313
11314
11317
11332
11336
11369
11371
11400
11413
11416
11417
11420
11425
11435
11439
11466
11480
11486
11494
11525
11546
11555
11563
11566
11586
11595
11599
11600
11630
11635
11647
11651
11665
11674
11680
11681
11683
11685
11697
11703
11727
11760
11766
11767
11827
11837
11843
11851
11854
11859
11867
11868
11871
11886
11901
11902
11908
11910
11916
11930
11931
11938
11955
11962
11966
11969
11971
11974
11975
11985
11992
11022
11094
11195
11210
11258
11273
11287
11327
11341
11351
11365
11411
11436
11461
11505
11506
11557
11572
11576
11601
11623
11633
11650
11654
11678
11686
11696
11758
11825
11845
11952
11953
11997
12016
12018
12031
12037
12043
12052
12063
12064
12089
12097
12107
12114
12130
12138
12152
12163
12170
12175
12181
12182
12186
12208
12209
12210
12214
12227
12256
12265
12266
12279
12289
12290
12300
12305
12308
12318
12323
12334
12338
12341
12354
12380
12381
12385
12403
12427
12443
12445
12454
12458
12463
12464
12467
12472
12477
12490
12498
12508
12519
12522
12526
12530
12538
12547
12559
12565
12567
12571
12573
12593
12596
12611
12628
12635
12644
12659
12665
12666
12669
12671
12696
12704
12710
12715
12717
12726
12736
12738
12745
12752
12765
12774
12787
12790
12798
12810
12817
12837
12844
12856
12867
12881
12883
12898
12917
12920
12924
12926
12931
12935
12936
12947
12952
12960
12967
12968
12974
12978
12980
12986
12004
12086
12102
12161
12167
12173
12190
12236
12242
12304
12326
12329
12339
12365
12387
12394
12537
12552
12574
12594
12668
12670
12734
12857
12887
12889
12906
12937
12990
12992
13000
13004
13027
13036
13040
13047
13049
13069
13070
13071
13101
13103
13117
13120
13131
13142
13143
13155
13173
13175
13180
13186
13215
13225
13226
13228
13240
13244
13249
13255
13256
13271
13280
13286
13290
13305
13311
13316
13331
13334
13346
13352
13358
13382
13396
13398
13400
13406
13411
13413
13417
13418
13420
13426
13431
13433
13437
13439
13447
13454
13457
13476
13482
13493
13515
13516
13522
13525
13546
13548
13554
13566
13582
13585
13587
13588
13590
13600
13660
13675
13676
13687
13691
13695
13697
13699
13716
13720
13724
13742
13744
13752
13754
13760
13768
13781
13782
13791
13799
13830
13832
13843
13845
13846
13858
13859
13870
13874
13875
13906
13914
13917
13918
13924
13927
13930
13931
13933
13936
13938
13940
13942
13945
13946
13947
13949
13953
13963
13968
13983
13990
13998
13091
13133
13136
13189
13219
13232
13235
13258
13264
13269
13275
13300
13348
13350
13362
13363
13369
13456
13488
13510
13519
13564
13572
13661
13669
13692
13694
13739
13841
13848
13860
13905
13951
14006
14024
14039
14061
14065
14100
14101
14105
14114
14121
14145
14178
14212
14236
14241
14294
14303
14308
14309
14339
14363
14367
14423
14428
14435
14439
14481
14485
14496
14502
14511
14541
14606
14611
14668
14692
14772
14775
14776
14783
14794
14856
14869
14895
14909
14930
14932
14935
14965
14966
14015
14023
14025
14038
14045
14072
14081
14087
14102
14106
14117
14127
14137
14140
14165
14166
14167
14169
14195
14205
14228
14233
14258
14263
14271
14289
14290
14333
14344
14352
14359
14369
14383
14386
14394
14395
14406
14417
14419
14427
14433
14447
14448
14470
14490
14495
14503
14506
14524
14534
14567
14577
14579
14594
14597
14602
14625
14640
14661
14673
14706
14728
14739
14762
14767
14777
14786
14789
14792
14798
14802
14806
14821
14823
14833
14839
14859
14886
14896
14921
14923
14939
14943
14947
14955
14959
14960
14971
14972
14076
14252
14410
14591
14622
14817
14846
14915
15004
15005
15014
15017
15019
15030
15034
15045
15053
15055
15059
15072
15084
15093
15105
15117
15124
15136
15138
15141
15147
15153
15158
15159
15171
15184
15186
15187
15199
15207
15208
15224
15235
15238
15243
15249
15251
15258
15261
15263
15266
15268
15273
15275
15276
15285
15286
15292
15318
15326
15332
15342
15358
15360
15370
15375
15380
15387
15389
15390
15398
15423
15428
15429
15442
15446
15456
15467
15469
15474
15475
15492
15494
15511
15527
15529
15535
15551
15564
15565
15569
15573
15577
15579
15589
15598
15603
15611
15616
15621
15624
15638
15645
15654
15655
15662
15700
15704
15709
15723
15726
15730
15755
15756
15763
15771
15778
15784
15794
15802
15808
15816
15824
15826
15831
15838
15842
15851
15855
15857
15860
15861
15868
15877
15879
15919
15924
15958
15977
15981
15985
15986
15010
15046
15048
15099
15103
15114
15192
15195
15223
15293
15315
15319
15329
15341
15344
15350
15362
15495
15525
15553
15559
15648
15682
15685
15703
15708
15711
15724
15813
15862
15899
15903
15953
16000
16006
16009
16017
16020
16046
16048
16069
16073
16076
16080
16098
16102
16105
16127
16129
16131
16135
16145
16150
16156
16157
16183
16185
16192
16198
16201
16219
16228
16238
16241
16247
16250
16258
16266
16268
16271
16288
16294
16298
16306
16309
16311
16331
16336
16338
16366
16368
16369
16372
16380
16389
16393
16397
16400
16404
16412
16418
16426
16480
16483
16485
16488
16530
16531
16535
16540
16543
16545
16546
16562
16580
16585
16586
16587
16592
16611
16614
16620
16628
16633
16670
16672
16675
16680
16700
16701
16713
16718
16723
16724
16732
16742
16748
16750
16753
16763
16772
16785
16811
16815
16823
16826
16829
16832
16840
16841
16842
16851
16856
16863
16884
16909
16914
16917
16918
16920
16939
16952
16972
16978
16991
16005
16010
16045
16067
16087
16146
16158
16178
16214
16235
16278
16339
16350
16423
16550
16560
16582
16583
16606
16618
16682
16709
16893
16925
16935
16958
17002
17008
17012
17023
17037
17042
17049
17052
17054
17067
17072
17074
17079
17088
17089
17094
17100
17103
17106
17107
17111
17117
17141
17150
17162
17167
17169
17179
17193
17211
17214
17222
17236
17245
17254
17269
17272
17295
17307
17317
17328
17334
17339
17345
17350
17358
17363
17364
17366
17370
17374
17381
17390
17396
17408
17416
17425
17426
17428
17430
17431
17435
17452
17465
17477
17480
17482
17484
17486
17489
17490
17497
17502
17504
17513
17528
17529
17537
17541
17542
17545
17550
17601
17607
17610
17611
17630
17634
17642
17643
17665
17668
17677
17679
17689
17699
17701
17710
17729
17756
17764
17765
17776
17787
17789
17791
17803
17804
17809
17810
17814
17856
17867
17873
17874
17879
17880
17887
17891
17924
17936
17939
17940
17948
17949
17952
17955
17963
17976
17983
17992
17010
17018
17024
17051
17086
17097
17159
17186
17213
17223
17308
17367
17389
17444
17446
17524
17568
17605
17606
17671
17702
17751
17759
17861
17870
17882
17919
17991
18012
18028
18042
18058
18066
18082
18090
18094
18102
18108
18124
18130
18146
18167
18178
18181
18196
18198
18215
18234
18242
18244
18251
18252
18255
18260
18263
18273
18275
18276
18307
18318
18323
18333
18343
18344
18346
18350
18361
18385
18402
18418
18424
18429
18445
18446
18458
18461
18469
18475
18477
18487
18490
18491
18492
18494
18497
18498
18499
18519
18523
18526
18543
18545
18549
18550
18571
18578
18592
18594
18596
18614
18624
18625
18626
18637
18649
18662
18663
18678
18679
18685
18689
18694
18707
18722
18732
18736
18745
18748
18769
18780
18788
18822
18858
18859
18877
18900
18908
18915
18918
18919
18921
18929
18938
18942
18978
18987
18016
18051
18065
18074
18106
18126
18142
18192
18278
18308
18397
18398
18563
18568
18588
18611
18630
18667
18688
18720
18737
18882
18884
18889
18891
18905
18933
18955
18985
19007
19012
19016
19027
19029
19031
19039
19042
19049
19055
19066
19068
19071
19077
19079
19094
19112
19119
19123
19124
19125
19135
19139
19145
19148
19156
19160
19166
19180
19184
19192
19202
19206
19208
19212
19213
19222
19230
19243
19248
19249
19256
19262
19270
19272
19284
19301
19309
19318
19319
19324
19331
19333
19341
19348
19358
19362
19366
19368
19370
19381
19400
19401
19407
19408
19418
19423
19425
19431
19435
19437
19438
19447
19451
19455
19461
19476
19479
19481
19490
19492
19498
19504
19510
19532
19539
19542
19545
19547
19561
19567
19577
19585
19589
19593
19596
19606
19607
19612
19627
19632
19633
19635
19638
19647
19649
19661
19667
19668
19669
19675
19688
19693
19708
19724
19726
19727
19731
19738
19742
19750
19777
19778
19785
19788
19799
19804
19805
19807
19808
19822
19823
19824
19825
19843
19845
19866
19876
19877
19883
19885
19891
19894
19895
19905
19916
19925
19929
19939
19947
19953
19960
19962
19985
19996
20014
20022
20030
20034
20035
20040
20078
20081
20083
20122
20125
20130
20141
20143
20147
20151
20152
20167
20177
20183
20185
20186
20189
20200
20201
20206
20207
20218
20221
20224
20230
20233
20236
20248
20265
20282
20283
20305
20310
20315
20325
20342
20350
20353
20356
20370
20380
20398
20402
20404
20411
20413
20418
20425
20428
20449
20454
20459
20475
20477
20479
20497
20514
20517
20532
20539
20541
20547
20548
20552
20557
20558
20562
20574
20596
20601
20604
20605
20607
20634
20635
20640
20641
20646
20650
20654
20664
20670
20676
20682
20687
20693
20708
20721
20723
20737
20748
20752
20763
20778
20785
20792
20794
20802
20804
20811
20815
20829
20832
20839
20840
20860
20867
20879
20890
20900
20913
20928
20931
20935
20942
20968
20970
20975
20976
20028
20060
20063
20072
20075
20093
20114
20175
20217
20229
20237
20262
20285
20306
20323
20387
20432
20460
20492
20553
20559
20566
20580
20585
20612
20633
20636
20663
20665
20787
20824
20880
20889
20915
20933
20944
21005
21015
21031
21040
21048
21058
21062
21070
21077
21115
21116
21140
21160
21169
21181
21188
21220
21228
21231
21262
21281
21307
21313
21321
21331
21358
21378
21380
21397
21410
21472
21473
21485
21486
21503
21534
21535
21537
21539
21547
21548
21553
21554
21583
21597
21632
21639
21651
21653
21667
21668
21684
21692
21707
21709
21710
21722
21728
21761
21767
21779
21789
21801
21844
21853
21866
21870
21871
21873
21878
21880
21887
21889
21933
21959
21991
21007
21023
21024
21030
21039
21045
21054
21085
21102
21106
21118
21120
21153
21156
21162
21163
21174
21176
21179
21268
21298
21303
21310
21319
21322
21336
21348
21355
21387
21401
21406
21411
21418
21420
21445
21448
21456
21478
21479
21484
21487
21489
21500
21510
21522
21531
21566
21592
21604
21656
21659
21670
21689
21691
21693
21734
21807
21842
21869
21892
21918
21938
21944
21956
21981
21982
21988
21994
21997
22023
22027
22028
22030
22038
22045
22062
22078
22083
22085
22090
22092
22095
22097
22099
22101
22103
22116
22121
22138
22149
22151
22152
22162
22165
22168
22182
22183
22184
22185
22189
22197
22209
22210
22214
22219
22222
22235
22248
22254
22257
22260
22263
22268
22269
22281
22282
22289
22291
22295
22299
22300
22310
22315
22318
22320
22323
22324
22331
22336
22338
22340
22344
22351
22352
22354
22359
22382
22403
22419
22420
22424
22426
22433
22437
22441
22455
22456
22464
22467
22468
22470
22472
22478
22481
22483
22488
22489
22490
22501
22511
22521
22526
22531
22541
22552
22567
22568
22575
22583
22586
22592
22600
22601
22607
22620
22624
22633
22639
22641
22644
22650
22652
22658
22668
22670
22673
22676
22707
22709
22720
22721
22726
22729
22733
22742
22746
22759
22763
22771
22773
22774
22775
22777
22791
22800
22805
22812
22814
22831
22834
22836
22864
22868
22877
22885
22888
22901
22906
22916
22921
22922
22929
22931
22932
22934
22938
22944
22946
22948
22949
22955
22958
22965
22972
22977
22980
22990
22993
22994
23006
23021
23028
23045
23053
23055
23058
23060
23062
23065
23066
23072
23079
23081
23082
23091
23094
23095
23101
23102
23105
23106
23114
23141
23147
23155
23167
23185
23203
23204
23213
23217
23222
23225
23226
23229
23232
23237
23243
23245
23247
23251
23282
23283
23289
23291
23293
23302
23306
23307
23318
23332
23339
23343
23363
23364
23365
23378
23380
23382
23393
23394
23401
23405
23413
23414
23415
23424
23433
23434
23446
23451
23452
23456
23462
23471
23472
23480
23484
23488
23492
23493
23498
23502
23516
23517
23530
23551
23555
23557
23564
23565
23571
23574
23579
23584
23591
23606
23614
23615
23620
23622
23623
23624
23629
23630
23650
23665
23670
23674
23687
23695
23708
23711
23713
23716
23727
23729
23732
23739
23740
23750
23751
23757
23760
23782
23791
23792
23795
23796
23798
23800
23807
23812
23813
23814
23815
23816
23817
23822
23829
23830
23834
23838
23845
23846
23853
23864
23868
23874
23879
23887
23892
23902
23918
23925
23929
23932
23958
23962
23964
23967
23969
23972
23974
23984
23986
23996
23999
24011
24034
24074
24081
24098
24109
24157
24169
24221
24328
24340
24430
24453
24464
24489
24524
24531
24583
24591
24615
24632
24707
24728
24762
24768
24782
24786
24806
24808
24843
24845
24897
24915
24916
24934
24998
24013
24015
24020
24035
24164
24284
24298
24406
24408
24425
24437
24487
24522
24576
24585
24663
24676
24686
24689
24713
24721
24736
24737
24753
24761
24773
24799
24849
24903
24925
24964
24986
24989
24000
24001
24002
24004
24009
24010
24019
24023
24030
24043
24060
24094
24113
24115
24123
24124
24132
24149
24155
24160
24163
24191
24228
24240
24241
24255
24268
24270
24299
24304
24314
24341
24354
24356
24391
24394
24403
24410
24419
24434
24483
24485
24493
24500
24501
24506
24525
24526
24532
24538
24550
24560
24584
24588
24600
24601
24612
24621
24638
24640
24653
24655
24660
24662
24672
24677
24688
24747
24749
24750
24778
24800
24801
24810
24813
24817
24819
24841
24846
24869
24883
24886
24889
24895
24904
24910
24911
24930
24944
24971
24994
25058
25203
25226
25301
25341
25343
25358
25370
25395
25514
25557
25674
25713
25722
25747
25776
25813
25883
25943
25986
25001
25011
25016
25023
25034
25081
25082
25117
25163
25185
25232
25249
25255
25287
25306
25342
25365
25401
25421
25441
25472
25501
25524
25597
25638
25664
25673
25692
25698
25727
25730
25733
25849
25851
25888
25896
25911
25007
25039
25042
25044
25056
25061
25074
25085
25093
25097
25098
25101
25105
25111
25115
25124
25133
25137
25144
25145
25146
25156
25165
25169
25182
25204
25206
25219
25245
25254
25265
25271
25275
25278
25283
25304
25309
25314
25315
25319
25323
25345
25347
25355
25382
25384
25391
25393
25411
25427
25433
25435
25448
25464
25470
25480
25490
25492
25499
25502
25504
25511
25513
25515
25527
25531
25544
25548
25550
25556
25560
25572
25595
25598
25613
25639
25646
25648
25649
25661
25668
25672
25680
25695
25707
25724
25738
25739
25752
25762
25764
25770
25783
25795
25814
25822
25823
25824
25826
25878
25890
25900
25905
25912
25915
25935
25938
25944
25947
25948
25949
25950
25975
25977
25995
26011
26014
26027
26034
26039
26049
26053
26059
26072
26093
26094
26102
26109
26110
26112
26119
26145
26147
26160
26163
26164
26176
26191
26210
26247
26252
26263
26266
26278
26280
26301
26313
26325
26345
26356
26359
26365
26369
26372
26390
26396
26427
26431
26437
26441
26452
26459
26461
26463
26481
26497
26498
26504
26514
26542
26543
26557
26559
26564
26574
26576
26588
26591
26599
26608
26615
26621
26624
26627
26628
26635
26645
26646
26652
26665
26680
26685
26687
26689
26697
26703
26705
26709
26715
26719
26760
26773
26783
26798
26800
26805
26822
26828
26830
26833
26841
26843
26858
26868
26882
26884
26891
26893
26897
26917
26924
26925
26926
26932
26937
26939
26943
26947
26954
26956
26962
26985
26986
26987
26996
26005
26007
26010
26031
26035
26037
26076
26138
26141
26227
26257
26274
26287
26300
26305
26315
26354
26370
26386
26404
26405
26411
26428
26444
26489
26499
26500
26517
26524
26530
26558
26597
26598
26602
26613
26638
26688
26695
26698
26702
26714
26737
26744
26754
26761
26786
26793
26794
26801
26802
26829
26847
26852
26856
26869
26872
26895
26950
26953
27003
27019
27022
27032
27046
27048
27050
27065
27067
27070
27071
27079
27088
27109
27114
27115
27116
27133
27137
27141
27154
27155
27157
27164
27166
27184
27199
27201
27228
27229
27231
27236
27244
27246
27250
27254
27266
27267
27269
27270
27278
27289
27292
27295
27302
27313
27314
27319
27325
27332
27334
27352
27370
27376
27389
27390
27398
27399
27409
27415
27416
27438
27441
27454
27457
27460
27467
27468
27480
27488
27493
27497
27524
27528
27531
27540
27557
27563
27564
27570
27577
27579
27589
27600
27620
27622
27634
27635
27637
27651
27653
27655
27658
27660
27669
27675
27677
27679
27698
27702
27708
27711
27723
27741
27742
27743
27748
27749
27753
27760
27779
27780
27786
27789
27790
27799
27804
27805
27809
27813
27816
27817
27825
27831
27842
27844
27849
27851
27863
27865
27866
27869
27876
27884
27892
27902
27904
27906
27920
27924
27934
27947
27957
27958
27960
27965
27970
27973
27993
27999
28013
28037
28047
28095
28125
28182
28201
28248
28282
28326
28480
28503
28538
28578
28741
28751
28934
28084
28140
28181
28226
28245
28259
28287
28388
28440
28618
28641
28746
28784
28847
28997
28002
28003
28010
28016
28019
28024
28031
28056
28065
28068
28070
28072
28073
28086
28090
28117
28121
28137
28151
28170
28175
28202
28203
28219
28242
28250
28251
28253
28260
28262
28273
28292
28296
28330
28341
28350
28357
28359
28360
28362
28364
28378
28386
28405
28411
28420
28435
28452
28458
28476
28478
28490
28499
28504
28509
28515
28524
28543
28547
28557
28560
28570
28573
28574
28577
28581
28582
28598
28600
28602
28605
28611
28616
28622
28623
28627
28630
28633
28634
28636
28640
28642
28643
28657
28665
28674
28675
28676
28680
28686
28695
28698
28702
28710
28712
28713
28714
28738
28752
28769
28776
28777
28799
28800
28818
28832
28846
28849
28877
28901
28910
28919
28922
28928
28931
28932
28936
28938
28958
28960
28981
28990
28998
29003
29008
29051
29110
29118
29131
29150
29161
29168
29184
29189
29190
29205
29220
29231
29235
29236
29245
29248
29285
29292
29294
29300
29301
29312
29313
29321
29352
29363
29367
29396
29402
29411
29430
29435
29442
29478
29493
29530
29536
29567
29568
29582
29585
29589
29597
29599
29621
29630
29639
29649
29655
29659
29676
29684
29696
29700
29706
29714
29769
29779
29781
29798
29843
29848
29885
29892
29915
29933
29962
29967
29975
29978
29983
29986
29006
29010
29019
29033
29035
29042
29057
29058
29071
29074
29100
29112
29114
29115
29126
29141
29155
29167
29172
29181
29219
29229
29253
29258
29261
29275
29279
29282
29297
29327
29332
29335
29338
29345
29364
29376
29381
29388
29389
29397
29405
29437
29439
29458
29459
29465
29484
29485
29491
29496
29499
29502
29513
29526
29537
29543
29546
29549
29558
29560
29562
29573
29575
29586
29588
29598
29620
29622
29631
29645
29658
29662
29671
29683
29685
29701
29705
29708
29709
29715
29722
29738
29743
29746
29749
29758
29802
29810
29814
29820
29838
29849
29894
29918
29923
29936
29946
29947
29955
29993
29997
30000
30026
30053
30064
30070
30092
30109
30120
30132
30144
30160
30169
30171
30185
30196
30200
30201
30207
30220
30227
30236
30246
30272
30276
30281
30292
30302
30308
30321
30325
30339
30376
30390
30398
30411
30451
30455
30467
30480
30485
30497
30504
30505
30521
30531
30533
30544
30549
30550
30567
30570
30580
30583
30653
30661
30673
30682
30716
30722
30730
30739
30746
30753
30759
30766
30793
30811
30844
30860
30867
30886
30889
30903
30905
30929
30935
30949
30952
30961
30992
30997
30003
30006
30010
30050
30060
30078
30093
30101
30119
30133
30156
30159
30162
30175
30181
30186
30224
30230
30252
30264
30340
30344
30348
30369
30389
30393
30403
30404
30431
30432
30436
30449
30457
30473
30477
30481
30558
30568
30600
30605
30616
30663
30665
30667
30674
30717
30729
30735
30738
30754
30757
30771
30778
30781
30838
30884
30898
30924
30927
30965
30973
30974
30975
30982
30995
31015
31027
31033
31049
31050
31062
31068
31084
31091
31093
31094
31097
31108
31125
31133
31134
31146
31156
31158
31165
31189
31197
31205
31219
31228
31230
31236
31251
31252
31279
31287
31290
31304
31309
31313
31316
31318
31334
31335
31343
31385
31386
31393
31399
31405
31414
31425
31442
31443
31471
31484
31504
31508
31509
31523
31528
31538
31548
31567
31597
31599
31604
31613
31619
31629
31637
31642
31653
31674
31683
31687
31691
31700
31706
31710
31716
31732
31750
31753
31754
31782
31785
31788
31792
31797
31845
31864
31868
31875
31880
31885
31889
31893
31907
31978
31012
31017
31111
31116
31132
31137
31145
31149
31168
31181
31198
31204
31233
31262
31294
31307
31319
31339
31369
31371
31377
31380
31384
31389
31392
31421
31463
31465
31470
31500
31524
31537
31540
31544
31556
31565
31566
31583
31591
31594
31611
31676
31690
31713
31714
31804
31815
31821
31825
31839
31853
31857
31862
31910
31912
31913
31917
31920
31959
31960
31987
31993
31997
32008
32195
32239
32243
32256
32541
32563
32609
32626
32627
32709
32730
32733
32773
32806
32821
32862
32938
32958
32009
32010
32011
32012
32032
32034
32042
32044
32047
32051
32052
32056
32064
32065
32089
32090
32092
32093
32097
32107
32114
32117
32125
32135
32140
32150
32155
32157
32162
32163
32175
32178
32187
32206
32218
32224
32226
32238
32258
32269
32271
32273
32275
32276
32289
32293
32294
32296
32297
32301
32321
32326
32329
32339
32340
32341
32364
32371
32375
32377
32380
32403
32405
32418
32419
32420
32433
32436
32444
32445
32446
32463
32476
32481
32482
32492
32500
32514
32524
32525
32540
32544
32561
32564
32565
32569
32575
32578
32597
32606
32635
32639
32643
32659
32662
32683
32685
32691
32693
32696
32699
32713
32717
32748
32756
32762
32768
32771
32774
32777
32786
32793
32799
32801
32805
32810
32816
32820
32822
32848
32850
32858
32865
32870
32882
32885
32891
32902
32907
32909
32921
32933
32935
32939
32940
32946
32947
32954
32960
32983
32986
32998
33015
33022
33024
33032
33047
33077
33085
33108
33113
33124
33126
33144
33152
33157
33183
33187
33201
33202
33203
33208
33231
33232
33246
33247
33249
33251
33272
33273
33280
33296
33298
33321
33333
33343
33362
33377
33385
33396
33411
33423
33431
33437
33444
33451
33455
33469
33482
33484
33488
33510
33519
33527
33538
33546
33552
33564
33571
33573
33579
33582
33592
33597
33603
33605
33611
33622
33651
33653
33682
33694
33709
33716
33719
33722
33727
33732
33754
33757
33764
33805
33817
33821
33829
33867
33882
33899
33920
33929
33952
33956
33965
33009
33018
33040
33052
33061
33066
33080
33081
33096
33110
33132
33133
33139
33159
33173
33188
33190
33226
33239
33257
33281
33288
33318
33325
33326
33338
33400
33410
33440
33462
33464
33473
33537
33609
33614
33628
33657
33700
33701
33712
33756
33767
33788
33810
33836
33860
33866
33880
33906
33916
33923
33931
33933
33958
33962
33993
34009
34032
34045
34054
34064
34065
34080
34081
34100
34143
34144
34153
34174
34183
34196
34209
34255
34258
34274
34292
34296
34302
34303
34363
34372
34414
34432
34450
34457
34472
34486
34501
34515
34520
34530
34535
34553
34556
34581
34587
34588
34592
34612
34695
34736
34737
34748
34751
34789
34791
34843
34850
34851
34896
34898
34002
34011
34017
34043
34049
34066
34091
34108
34109
34112
34121
34128
34131
34133
34134
34140
34154
34206
34214
34218
34226
34230
34231
34257
34264
34265
34272
34295
34299
34300
34314
34329
34330
34342
34355
34373
34389
34400
34408
34416
34427
34433
34435
34445
34464
34490
34495
34498
34500
34505
34513
34536
34538
34541
34544
34562
34566
34574
34582
34589
34591
34593
34596
34616
34625
34628
34639
34680
34698
34720
34734
34749
34760
34763
34778
34779
34793
34815
34823
34861
34864
34872
34878
34883
34901
34914
34916
34922
34924
34943
34952
34973
34991
