Group 9.txt condensed by commonality!
5
9
17
19
44
48
50
64
67
71
72
75
78
91
93
98
107
110
113
121
123
140
153
154
158
160
172
175
179
184
193
196
202
229
233
244
245
253
254
260
264
265
269
274
289
290
294
295
308
314
319
322
325
327
333
337
341
343
375
377
383
388
394
396
398
405
410
416
425
431
434
450
460
464
473
475
476
481
482
495
499
501
507
509
513
520
522
526
532
540
541
543
546
551
553
554
562
564
577
591
598
608
611
617
631
639
646
656
659
660
673
674
687
692
695
696
699
702
705
715
722
723
724
733
734
735
736
751
760
765
767
770
772
812
815
823
828
833
838
844
845
847
884
897
912
914
918
928
941
943
944
946
948
952
955
959
961
967
969
978
984
995
18
42
46
51
66
76
81
97
104
106
156
183
187
195
199
200
208
212
227
231
237
250
252
259
262
272
276
278
292
293
302
349
350
352
362
370
385
386
387
390
391
392
430
432
446
451
454
458
467
479
487
523
534
547
573
576
581
618
626
628
634
638
640
642
671
701
707
717
730
731
732
739
754
758
764
777
784
786
787
799
803
813
818
822
827
832
843
849
850
870
875
880
891
899
905
920
929
936
939
940
947
953
966
968
979
982
986
990
1009
1011
1044
1069
1147
1159
1249
1270
1281
1284
1303
1309
1319
1333
1347
1370
1378
1444
1453
1463
1490
1521
1547
1592
1655
1664
1665
1666
1671
1675
1708
1736
1754
1783
1814
1822
1824
1861
1961
1996
1006
1018
1020
1026
1029
1030
1033
1056
1059
1071
1075
1081
1089
1092
1093
1098
1108
1120
1123
1125
1131
1134
1141
1158
1163
1164
1166
1169
1172
1179
1189
1195
1198
1215
1222
1227
1254
1259
1274
1282
1289
1290
1297
1301
1313
1320
1325
1326
1329
1331
1349
1351
1398
1403
1406
1451
1461
1469
1482
1487
1488
1496
1505
1515
1534
1535
1542
1552
1565
1567
1576
1585
1590
1594
1600
1608
1612
1618
1624
1628
1629
1631
1635
1638
1644
1649
1653
1660
1663
1680
1694
1696
1697
1707
1714
1717
1719
1720
1722
1728
1732
1738
1745
1746
1748
1761
1769
1784
1788
1792
1797
1810
1815
1819
1829
1837
1844
1863
1869
1885
1892
1897
1898
1902
1911
1912
1919
1945
1950
1957
1966
1967
1994
1998
1013
1043
1050
1063
1080
1099
1101
1104
1115
1127
1129
1144
1156
1178
1196
1201
1205
1209
1223
1237
1277
1280
1302
1316
1318
1337
1339
1346
1377
1401
1404
1410
1420
1421
1434
1435
1457
1473
1478
1493
1497
1522
1540
1573
1601
1640
1658
1693
1712
1713
1718
1734
1737
1741
1751
1757
1764
1774
1780
1789
1790
1818
1823
1830
1842
1847
1853
1866
1876
1877
1879
1899
1914
1924
1929
1930
1931
1936
1941
1943
1944
1947
1970
1973
1978
1984
2000
2012
2029
2051
2096
2101
2103
2126
2130
2146
2153
2180
2182
2210
2255
2279
2323
2394
2435
2446
2453
2466
2471
2478
2485
2495
2552
2560
2561
2563
2576
2577
2580
2596
2613
2625
2637
2684
2711
2718
2727
2787
2871
2880
2890
2891
2898
2907
2963
2979
2992
2018
2023
2025
2028
2031
2036
2040
2041
2043
2046
2052
2065
2082
2089
2091
2095
2097
2111
2114
2118
2122
2138
2139
2140
2143
2151
2156
2160
2161
2167
2168
2174
2185
2187
2188
2189
2197
2199
2207
2211
2215
2221
2230
2237
2246
2248
2257
2258
2259
2262
2263
2277
2281
2283
2284
2296
2311
2313
2316
2320
2326
2329
2332
2335
2338
2341
2344
2347
2351
2354
2355
2359
2361
2368
2379
2381
2387
2388
2389
2399
2406
2409
2412
2420
2423
2438
2440
2449
2451
2457
2460
2462
2469
2476
2477
2487
2490
2497
2500
2501
2529
2538
2557
2565
2571
2578
2584
2588
2601
2607
2611
2615
2622
2629
2639
2645
2650
2654
2656
2663
2668
2669
2670
2674
2681
2689
2692
2694
2699
2703
2712
2713
2714
2742
2746
2754
2763
2764
2767
2775
2776
2780
2781
2785
2789
2792
2795
2799
2801
2804
2806
2816
2818
2819
2825
2826
2827
2828
2830
2834
2835
2837
2841
2847
2848
2849
2858
2859
2864
2878
2882
2883
2896
2902
2904
2911
2930
2935
2940
2944
2945
2948
2951
2954
2960
2968
2970
2971
2975
2976
2977
2981
2995
2007
2009
2010
2048
2058
2069
2070
2074
2115
2125
2150
2165
2178
2191
2195
2202
2206
2209
2217
2222
2232
2239
2276
2294
2337
2353
2376
2380
2390
2393
2404
2415
2421
2424
2429
2430
2445
2458
2482
2489
2508
2513
2526
2544
2549
2553
2567
2575
2594
2631
2690
2730
2752
2777
2784
2836
2870
2872
2893
2906
2933
2991
2996
3026
3035
3043
3047
3071
3078
3215
3223
3246
3320
3491
3495
3546
3555
3606
3715
3754
3769
3818
3866
3889
3897
3910
3021
3045
3050
3069
3070
3080
3089
3103
3108
3110
3120
3125
3136
3141
3148
3205
3225
3227
3255
3268
3271
3275
3278
3312
3315
3325
3329
3341
3344
3353
3356
3363
3368
3371
3374
3375
3378
3385
3389
3494
3505
3508
3509
3529
3570
3582
3595
3604
3612
3614
3639
3654
3718
3723
3729
3765
3800
3837
3862
3923
3931
3934
3976
3077
3482
3696
3001
3004
3011
3034
3044
3055
3059
3074
3084
3087
3098
3099
3109
3127
3128
3131
3144
3146
3155
3179
3181
3187
3204
3207
3211
3233
3241
3260
3266
3274
3276
3283
3289
3292
3303
3321
3328
3330
3351
3352
3358
3387
3399
3401
3407
3416
3420
3426
3429
3430
3442
3484
3486
3492
3493
3503
3511
3513
3517
3532
3536
3537
3548
3571
3575
3584
3598
3601
3602
3617
3621
3626
3628
3630
3643
3651
3655
3665
3666
3681
3699
3706
3707
3710
3713
3714
3726
3730
3734
3737
3738
3739
3759
3764
3777
3796
3799
3803
3805
3806
3847
3851
3857
3863
3864
3894
3907
3919
3946
3947
3948
3961
3973
3974
3989
3007
3019
3023
3029
3037
3041
3052
3056
3104
3116
3119
3140
3156
3165
3167
3171
3175
3177
3189
3195
3210
3228
3237
3296
3347
3364
3367
3382
3406
3408
3415
3423
3431
3437
3438
3443
3453
3461
3469
3479
3504
3519
3528
3564
3578
3580
3588
3623
3631
3644
3669
3682
3686
3704
3708
3716
3719
3731
3742
3746
3768
3815
3825
3830
3833
3836
3845
3856
3861
3874
3906
3912
3933
3944
3956
3957
3959
3963
3988
3995
3996
3999
4007
4014
4016
4021
4024
4026
4028
4037
4044
4047
4061
4067
4069
4075
4079
4083
4086
4089
4100
4102
4108
4114
4115
4121
4127
4130
4132
4134
4137
4140
4150
4175
4178
4188
4192
4198
4204
4218
4226
4229
4234
4235
4241
4256
4259
4263
4272
4273
4289
4296
4306
4312
4326
4327
4330
4335
4356
4357
4367
4389
4392
4393
4398
4413
4418
4426
4427
4430
4431
4445
4450
4451
4461
4462
4468
4469
4472
4477
4479
4486
4488
4492
4509
4523
4537
4540
4556
4559
4564
4579
4590
4592
4596
4602
4606
4608
4611
4612
4617
4625
4636
4648
4658
4661
4667
4668
4673
4677
4685
4697
4710
4724
4726
4730
4732
4738
4739
4757
4762
4769
4770
4792
4796
4802
4806
4809
4811
4814
4816
4819
4828
4830
4834
4837
4841
4846
4851
4852
4853
4854
4858
4862
4864
4868
4878
4881
4891
4896
4909
4922
4937
4940
4944
4948
4953
4954
4958
4968
4976
4978
4979
4008
4009
4027
4030
4032
4035
4041
4054
4056
4059
4074
4081
4082
4103
4116
4117
4136
4153
4162
4181
4183
4186
4190
4196
4197
4201
4208
4209
4210
4233
4249
4254
4261
4283
4288
4293
4298
4301
4302
4322
4334
4382
4403
4406
4415
4432
4453
4455
4456
4473
4482
4504
4520
4528
4530
4533
4551
4570
4572
4573
4575
4576
4581
4594
4604
4616
4619
4622
4626
4662
4670
4690
4691
4695
4707
4713
4725
4736
4745
4747
4755
4768
4773
4775
4788
4799
4801
4804
4810
4815
4818
4820
4823
4826
4833
4848
4893
4905
4906
4912
4914
4915
4918
4923
4928
4936
4947
4956
4975
4977
4980
4981
4987
4990
4993
5003
5012
5013
5015
5018
5020
5041
5049
5053
5062
5066
5067
5075
5076
5077
5080
5083
5091
5093
5101
5103
5105
5109
5117
5137
5140
5144
5154
5162
5163
5164
5173
5174
5176
5178
5179
5180
5185
5193
5198
5203
5204
5208
5211
5215
5216
5217
5221
5223
5229
5235
5240
5242
5243
5246
5247
5248
5253
5254
5258
5265
5266
5269
5270
5271
5272
5273
5274
5277
5278
5286
5289
5293
5303
5314
5318
5323
5327
5330
5336
5345
5347
5348
5349
5355
5356
5359
5363
5364
5366
5367
5369
5374
5376
5377
5384
5389
5390
5391
5393
5398
5400
5408
5409
5416
5423
5424
5426
5428
5431
5435
5439
5445
5452
5462
5463
5467
5471
5473
5475
5476
5488
5490
5495
5500
5510
5516
5517
5521
5525
5527
5533
5541
5542
5544
5547
5548
5549
5550
5551
5553
5555
5563
5567
5569
5571
5573
5576
5584
5585
5593
5602
5607
5610
5619
5640
5641
5646
5648
5654
5656
5657
5658
5659
5665
5672
5675
5690
5699
5706
5707
5712
5717
5719
5720
5726
5728
5729
5733
5735
5741
5742
5745
5758
5762
5765
5768
5770
5774
5779
5782
5787
5793
5794
5798
5800
5801
5803
5804
5808
5810
5818
5839
5841
5846
5848
5853
5861
5862
5864
5866
5870
5876
5877
5880
5883
5887
5890
5899
5903
5910
5917
5920
5925
5926
5931
5942
5943
5945
5948
5951
5956
5958
5960
5961
5962
5963
5968
5973
5977
5978
5983
5984
5985
5995
5996
5005
5016
5039
5044
5050
5098
5124
5139
5160
5194
5225
5236
5268
5302
5316
5322
5354
5410
5420
5481
5484
5511
5556
5558
5628
5632
5666
5670
5671
5701
5725
5732
5747
5751
5763
5784
5786
5823
5868
5901
5915
5919
5921
5947
5954
5967
5972
6002
6014
6015
6016
6017
6019
6025
6026
6028
6031
6032
6036
6042
6044
6049
6051
6052
6060
6061
6062
6070
6079
6087
6090
6092
6100
6102
6109
6110
6113
6117
6135
6148
6149
6150
6153
6155
6158
6159
6166
6176
6180
6181
6190
6192
6194
6199
6204
6206
6207
6210
6216
6218
6220
6221
6228
6229
6230
6233
6234
6236
6238
6239
6241
6242
6254
6255
6264
6266
6271
6278
6286
6298
6299
6303
6305
6306
6313
6316
6323
6328
6329
6334
6342
6353
6354
6356
6357
6359
6360
6362
6368
6371
6373
6378
6386
6387
6391
6401
6414
6415
6419
6427
6442
6452
6453
6465
6471
6476
6487
6493
6494
6503
6521
6524
6526
6532
6533
6536
6537
6543
6549
6551
6552
6558
6559
6561
6562
6563
6565
6567
6570
6572
6578
6585
6592
6603
6608
6615
6618
6631
6636
6640
6641
6649
6655
6659
6661
6666
6672
6675
6692
6695
6705
6718
6719
6727
6730
6734
6735
6736
6741
6744
6749
6751
6752
6761
6766
6767
6769
6773
6780
6786
6787
6788
6796
6797
6798
6801
6807
6814
6823
6824
6827
6834
6837
6838
6841
6854
6856
6860
6863
6867
6870
6872
6876
6878
6879
6895
6900
6910
6912
6925
6929
6932
6940
6948
6949
6951
6955
6956
6959
6961
6963
6969
6972
6979
6982
6983
6993
6994
6996
6997
6020
6046
6047
6059
6064
6074
6076
6081
6151
6156
6157
6183
6197
6202
6208
6211
6213
6222
6248
6295
6301
6314
6320
6344
6346
6351
6375
6382
6413
6417
6430
6433
6448
6508
6510
6560
6616
6621
6628
6673
6677
6681
6684
6685
6700
6715
6725
6726
6738
6743
6753
6759
6809
6819
6832
6839
6842
6851
6880
6916
6923
6924
6957
6984
6987
7009
7021
7027
7028
7036
7039
7042
7044
7046
7048
7052
7053
7054
7055
7060
7061
7066
7075
7092
7098
7107
7115
7118
7122
7131
7134
7140
7149
7150
7154
7158
7163
7164
7169
7172
7174
7180
7200
7203
7207
7208
7211
7213
7214
7220
7225
7227
7229
7232
7238
7241
7244
7256
7257
7258
7260
7269
7273
7274
7280
7285
7295
7296
7297
7299
7300
7301
7305
7313
7317
7318
7328
7341
7345
7356
7360
7363
7364
7365
7379
7384
7386
7390
7395
7396
7403
7404
7406
7409
7417
7423
7424
7425
7426
7427
7431
7433
7434
7435
7439
7445
7446
7447
7451
7453
7457
7459
7463
7468
7472
7476
7478
7480
7483
7490
7495
7497
7501
7506
7511
7512
7513
7515
7518
7522
7523
7524
7525
7527
7534
7535
7542
7546
7549
7560
7568
7570
7571
7576
7583
7590
7592
7593
7594
7595
7605
7610
7614
7618
7625
7627
7628
7630
7633
7637
7640
7642
7645
7647
7648
7653
7654
7655
7658
7660
7664
7672
7674
7680
7681
7682
7684
7686
7695
7697
7704
7710
7715
7720
7721
7722
7724
7727
7728
7734
7739
7741
7754
7765
7766
7772
7781
7787
7792
7802
7805
7807
7809
7812
7818
7823
7829
7831
7838
7839
7842
7847
7849
7854
7862
7869
7871
7878
7879
7894
7896
7897
7899
7903
7919
7924
7928
7930
7931
7936
7938
7942
7946
7947
7951
7953
7955
7958
7961
7962
7963
7964
7978
7019
7058
7070
7101
7112
7116
7133
7138
7151
7155
7160
7193
7199
7223
7233
7275
7322
7327
7329
7334
7336
7353
7354
7368
7391
7454
7494
7531
7556
7557
7644
7671
7683
7707
7745
7767
7776
7866
7892
7914
7917
7943
7949
7952
7959
7976
7981
7984
7992
8005
8007
8009
8016
8020
8024
8036
8041
8047
8049
8053
8056
8057
8059
8063
8082
8083
8093
8098
8100
8116
8117
8118
8132
8133
8135
8158
8165
8178
8190
8197
8212
8213
8214
8223
8240
8244
8264
8266
8284
8300
8307
8318
8338
8368
8369
8384
8390
8443
8445
8448
8449
8470
8476
8478
8480
8504
8532
8544
8550
8562
8563
8569
8575
8577
8583
8586
8587
8616
8621
8630
8634
8638
8678
8682
8700
8704
8705
8708
8720
8744
8748
8763
8780
8798
8799
8800
8804
8809
8811
8813
8826
8834
8847
8850
8856
8877
8879
8882
8887
8917
8919
8932
8936
8949
8953
8967
8973
8984
8988
8010
8018
8021
8030
8032
8033
8035
8039
8045
8052
8055
8065
8069
8074
8080
8085
8086
8099
8110
8114
8115
8123
8130
8149
8153
8154
8157
8166
8175
8179
8182
8185
8194
8201
8211
8220
8224
8232
8261
8265
8268
8270
8281
8290
8291
8298
8311
8317
8326
8330
8337
8348
8363
8365
8377
8379
8382
8383
8385
8391
8401
8402
8407
8424
8434
8437
8451
8452
8461
8463
8471
8496
8507
8508
8538
8549
8551
8555
8570
8597
8599
8606
8613
8624
8632
8640
8675
8694
8707
8710
8717
8732
8760
8761
8764
8770
8771
8773
8779
8791
8797
8808
8817
8827
8836
8837
8838
8845
8861
8868
8881
8898
8924
8925
8935
8941
8946
8951
8954
8955
8977
8987
8991
8994
8996
8002
8012
8031
8043
8051
8061
8139
8145
8147
8148
8173
8189
8209
8242
8246
8274
8310
8315
8319
8358
8387
8406
8428
8433
8467
8477
8479
8519
8545
8553
8581
8603
8617
8628
8643
8664
8679
8681
8683
8692
8736
8768
8769
8784
8819
8849
8897
8909
8923
8950
8968
8997
9012
9017
9027
9028
9032
9038
9061
9069
9072
9078
9079
9089
9090
9092
9093
9099
9116
9118
9129
9130
9147
9149
9168
9180
9182
9183
9187
9189
9190
9201
9202
9207
9209
9210
9231
9238
9244
9251
9252
9263
9264
9267
9269
9271
9284
9291
9292
9297
9299
9301
9303
9312
9314
9315
9321
9324
9337
9342
9344
9347
9351
9363
9367
9372
9373
9374
9377
9380
9392
9405
9406
9415
9416
9419
9423
9426
9432
9434
9436
9438
9443
9445
9450
9451
9467
9478
9493
9494
9495
9497
9499
9505
9522
9528
9533
9538
9545
9554
9556
9566
9572
9586
9594
9598
9601
9603
9612
9625
9630
9649
9652
9654
9656
9657
9665
9666
9671
9679
9683
9684
9687
9696
9724
9725
9730
9735
9736
9738
9765
9777
9782
9788
9789
9798
9799
9804
9811
9818
9819
9822
9831
9832
9833
9848
9853
9855
9863
9864
9867
9871
9873
9876
9881
9887
9888
9889
9893
9896
9899
9900
9907
9910
9919
9921
9923
9926
9944
9949
9954
9966
9967
9973
9978
9989
9991
9992
9996
9998
9001
9006
9007
9009
9010
9030
9037
9054
9059
9062
9063
9074
9102
9105
9108
9109
9110
9117
9126
9127
9128
9139
9140
9150
9177
9194
9197
9203
9208
9216
9221
9222
9224
9283
9302
9311
9316
9320
9327
9331
9358
9370
9371
9384
9417
9422
9440
9444
9468
9474
9483
9492
9496
9507
9516
9531
9534
9558
9577
9580
9581
9595
9596
9600
9622
9640
9641
9645
9667
9689
9697
9700
9714
9715
9741
9767
9774
9792
9796
9816
9829
9830
9840
9841
9861
9875
9884
9894
9902
9904
9908
9911
9916
9927
9929
9932
9937
9942
9959
9963
9969
9999
10003
10006
10022
10029
10035
10037
10049
10050
10055
10058
10066
10069
10070
10071
10082
10091
10094
10095
10097
10101
10109
10111
10114
10118
10138
10139
10141
10143
10150
10152
10156
10173
10186
10194
10200
10212
10224
10225
10230
10245
10261
10262
10264
10269
10274
10283
10294
10296
10308
10310
10322
10328
10336
10337
10344
10346
10354
10361
10362
10367
10370
10372
10373
10374
10376
10385
10386
10388
10391
10417
10429
10430
10431
10445
10450
10463
10471
10477
10480
10508
10510
10515
10521
10522
10524
10529
10537
10546
10551
10563
10564
10566
10584
10593
10599
10605
10611
10615
10621
10623
10629
10632
10643
10657
10658
10666
10675
10692
10699
10706
10715
10728
10731
10735
10742
10753
10755
10758
10767
10776
10784
10786
10800
10807
10822
10824
10838
10849
10851
10856
10864
10866
10870
10871
10896
10902
10906
10910
10918
10919
10933
10938
10949
10951
10958
10963
10988
10989
10994
10996
10997
10998
10004
10005
10027
10047
10063
10081
10096
10103
10106
10108
10120
10124
10140
10148
10157
10182
10188
10206
10209
10213
10219
10250
10273
10279
10286
10288
10289
10292
10339
10349
10356
10381
10396
10419
10434
10440
10447
10474
10478
10487
10517
10525
10531
10543
10554
10575
10606
10614
10625
10626
10631
10634
10659
10667
10679
10695
10696
10702
10707
10711
10727
10738
10745
10749
10756
10759
10775
10794
10818
10826
10832
10839
10845
10874
10899
10913
10923
10924
10926
10928
10980
10983
10991
10011
10021
10033
10043
10045
10051
10123
10130
10136
10144
10196
10198
10201
10277
10278
10302
10306
10318
10319
10351
10364
10406
10427
10432
10436
10444
10469
10488
10509
10519
10545
10547
10553
10587
10633
10670
10685
10694
10700
10705
10716
10720
10722
10725
10766
10781
10801
10804
10828
10909
10917
10966
11009
11030
11035
11194
11201
11218
11237
11263
11321
11361
11362
11380
11386
11405
11406
11474
11490
11498
11501
11541
11543
11620
11640
11670
11691
11715
11763
11804
11846
11865
11920
11922
11936
11944
11006
11007
11013
11018
11025
11033
11037
11042
11044
11046
11047
11049
11050
11060
11063
11068
11086
11090
11091
11093
11104
11107
11114
11117
11123
11131
11135
11139
11150
11159
11162
11169
11173
11191
11193
11204
11206
11208
11223
11225
11226
11231
11232
11244
11247
11256
11277
11282
11284
11294
11310
11311
11315
11343
11345
11346
11357
11360
11366
11377
11384
11388
11391
11398
11399
11409
11410
11418
11422
11428
11429
11448
11450
11451
11452
11454
11455
11464
11471
11483
11489
11491
11511
11518
11520
11521
11522
11523
11536
11547
11552
11571
11573
11578
11581
11584
11592
11607
11609
11614
11618
11621
11622
11629
11639
11645
11649
11653
11656
11659
11667
11669
11676
11688
11695
11698
11720
11724
11730
11744
11748
11751
11759
11785
11789
11790
11801
11805
11809
11822
11824
11830
11832
11833
11834
11844
11852
11853
11856
11858
11860
11869
11884
11890
11892
11897
11912
11923
11925
11929
11932
11934
11946
11949
11954
11956
11965
11979
11991
11004
11039
11040
11059
11075
11103
11106
11110
11140
11148
11156
11161
11176
11199
11200
11212
11220
11253
11259
11264
11293
11329
11349
11367
11374
11415
11426
11444
11445
11477
11499
11500
11510
11514
11524
11540
11549
11551
11562
11567
11582
11619
11655
11671
11672
11679
11705
11713
11716
11729
11737
11739
11780
11784
11795
11812
11821
11829
11850
11857
11863
11878
11879
11882
11894
11906
11913
11924
11948
11959
11960
11963
11970
11994
11999
12012
12023
12025
12030
12033
12035
12046
12056
12061
12062
12067
12069
12076
12081
12082
12096
12108
12111
12117
12118
12124
12125
12127
12146
12147
12156
12172
12180
12191
12192
12197
12219
12239
12246
12258
12260
12271
12280
12285
12292
12295
12307
12333
12336
12340
12342
12345
12349
12357
12373
12376
12377
12378
12384
12386
12391
12395
12397
12400
12406
12407
12414
12416
12420
12422
12425
12429
12434
12435
12436
12441
12447
12456
12468
12473
12482
12493
12494
12500
12504
12509
12517
12531
12533
12540
12541
12544
12549
12553
12558
12563
12570
12572
12577
12583
12587
12608
12621
12633
12641
12655
12663
12664
12672
12676
12678
12695
12697
12699
12701
12702
12708
12721
12730
12732
12739
12746
12754
12763
12764
12776
12780
12793
12799
12801
12818
12822
12843
12847
12861
12866
12872
12873
12879
12884
12915
12916
12918
12921
12934
12939
12942
12948
12972
12985
12988
12991
12997
12010
12013
12021
12032
12034
12047
12048
12054
12071
12075
12079
12091
12092
12094
12095
12109
12112
12113
12115
12120
12122
12126
12133
12140
12143
12151
12155
12164
12189
12193
12211
12221
12222
12223
12229
12267
12269
12273
12276
12282
12283
12291
12296
12302
12313
12328
12330
12344
12347
12353
12355
12356
12361
12369
12382
12383
12389
12390
12399
12410
12417
12419
12431
12440
12444
12446
12449
12450
12485
12486
12487
12495
12497
12499
12507
12518
12528
12536
12546
12568
12578
12584
12600
12604
12623
12624
12637
12640
12645
12657
12660
12673
12674
12677
12681
12698
12720
12723
12743
12748
12759
12769
12771
12772
12782
12784
12791
12802
12814
12816
12819
12828
12829
12831
12854
12858
12859
12860
12870
12877
12888
12895
12904
12907
12914
12929
12938
12943
12944
12965
12995
13012
13013
13015
13016
13018
13019
13020
13021
13028
13029
13035
13037
13038
13043
13052
13054
13062
13067
13072
13073
13074
13075
13076
13078
13079
13080
13083
13087
13089
13097
13100
13105
13106
13111
13125
13130
13134
13135
13138
13149
13150
13153
13154
13156
13157
13160
13165
13167
13172
13174
13179
13183
13185
13190
13191
13198
13201
13203
13210
13212
13214
13217
13221
13233
13241
13245
13246
13254
13259
13263
13268
13273
13276
13279
13283
13291
13295
13298
13302
13304
13306
13310
13318
13321
13324
13325
13326
13335
13339
13342
13343
13344
13353
13361
13368
13371
13375
13376
13379
13380
13386
13387
13394
13395
13404
13407
13409
13415
13421
13422
13428
13438
13441
13444
13445
13452
13459
13461
13463
13466
13469
13473
13474
13483
13484
13492
13494
13498
13526
13536
13538
13539
13542
13544
13547
13551
13556
13561
13562
13568
13599
13603
13604
13618
13620
13624
13631
13640
13644
13649
13652
13653
13654
13664
13671
13679
13681
13686
13693
13698
13702
13705
13707
13710
13713
13721
13722
13730
13732
13733
13737
13740
13745
13746
13747
13764
13765
13773
13774
13777
13778
13790
13792
13800
13808
13809
13810
13814
13815
13817
13820
13823
13824
13833
13839
13842
13849
13851
13852
13855
13856
13861
13865
13869
13873
13879
13885
13902
13910
13911
13912
13923
13955
13956
13957
13958
13962
13966
13967
13976
13984
13992
13993
13045
13059
13085
13102
13176
13188
13220
13223
13227
13231
13239
13266
13313
13319
13355
13366
13370
13442
13467
13475
13508
13511
13523
13552
13557
13567
13571
13601
13609
13611
13621
13656
13680
13712
13715
13731
13772
13803
13804
13825
13857
13864
13916
13922
13937
13954
13965
13975
14043
14049
14073
14083
14085
14149
14160
14188
14201
14213
14217
14231
14238
14373
14390
14425
14426
14432
14443
14446
14455
14469
14472
14499
14513
14523
14556
14589
14613
14619
14638
14652
14674
14694
14710
14715
14734
14743
14744
14752
14784
14803
14871
14894
14922
14926
14929
14952
14963
14987
14988
14010
14012
14016
14018
14021
14029
14031
14033
14040
14044
14050
14052
14054
14057
14058
14059
14063
14066
14077
14080
14084
14091
14095
14107
14112
14123
14124
14125
14136
14139
14142
14146
14151
14154
14155
14158
14162
14168
14172
14177
14185
14192
14194
14198
14200
14207
14209
14211
14220
14222
14223
14229
14232
14234
14235
14243
14253
14260
14261
14265
14267
14273
14274
14275
14277
14280
14282
14283
14286
14287
14288
14295
14296
14297
14300
14302
14304
14313
14318
14325
14335
14336
14337
14338
14342
14343
14345
14351
14356
14366
14370
14372
14376
14382
14389
14393
14399
14401
14404
14405
14412
14414
14416
14421
14424
14431
14437
14450
14451
14473
14476
14477
14478
14479
14480
14484
14486
14487
14488
14494
14498
14505
14507
14508
14515
14516
14522
14526
14527
14528
14530
14538
14545
14547
14550
14553
14557
14563
14564
14565
14575
14580
14581
14582
14584
14588
14593
14601
14605
14607
14612
14614
14617
14624
14629
14630
14631
14633
14639
14641
14642
14643
14647
14650
14660
14662
14666
14667
14675
14676
14677
14680
14685
14689
14695
14698
14700
14702
14705
14713
14723
14724
14733
14735
14738
14749
14754
14761
14764
14768
14770
14778
14779
14785
14795
14797
14799
14800
14801
14808
14820
14822
14825
14847
14849
14850
14851
14860
14861
14865
14868
14870
14872
14877
14879
14880
14882
14884
14888
14890
14891
14892
14905
14906
14910
14916
14920
14924
14933
14936
14937
14944
14946
14953
14954
14957
14967
14970
14974
14976
14978
14981
14985
14990
14993
14994
14998
15009
15027
15028
15032
15050
15062
15079
15082
15085
15086
15094
15115
15118
15119
15129
15140
15148
15154
15163
15164
15176
15180
15181
15190
15191
15202
15203
15205
15212
15228
15230
15254
15255
15259
15262
15278
15289
15295
15301
15309
15312
15327
15330
15345
15349
15351
15356
15359
15361
15367
15372
15388
15402
15405
15407
15411
15413
15417
15421
15424
15450
15461
15473
15476
15481
15487
15493
15496
15499
15506
15509
15520
15522
15531
15534
15538
15544
15554
15567
15570
15574
15581
15592
15593
15596
15600
15605
15613
15644
15646
15651
15659
15660
15666
15670
15678
15694
15701
15710
15712
15734
15735
15757
15765
15766
15768
15779
15792
15795
15797
15809
15822
15825
15832
15833
15836
15839
15841
15844
15848
15856
15863
15870
15872
15882
15886
15890
15907
15908
15910
15912
15916
15941
15942
15946
15970
15973
15979
15982
15989
15022
15054
15058
15066
15089
15116
15123
15143
15200
15227
15234
15239
15240
15250
15280
15299
15316
15323
15328
15338
15348
15371
15427
15439
15441
15447
15449
15479
15497
15505
15524
15547
15580
15620
15629
15642
15663
15684
15689
15692
15717
15752
15760
15767
15770
15787
15801
15812
15830
15847
15869
15888
15892
15931
15933
15934
15939
15949
15969
15972
15978
15996
15998
15008
15060
15097
15108
15111
15120
15125
15149
15167
15189
15193
15218
15237
15265
15269
15281
15290
15300
15305
15334
15354
15393
15397
15399
15408
15412
15422
15432
15445
15459
15507
15530
15537
15556
15560
15582
15587
15609
15657
15697
15699
15721
15733
15773
15843
15849
15884
15900
15901
15906
15909
15959
15963
15980
15984
15992
16022
16033
16036
16042
16056
16070
16074
16106
16132
16174
16180
16207
16212
16248
16259
16276
16287
16295
16307
16357
16359
16373
16401
16405
16416
16458
16463
16482
16497
16557
16561
16589
16601
16626
16637
16698
16711
16766
16769
16788
16789
16800
16890
16913
16931
16944
16948
16967
16988
16992
16001
16012
16015
16035
16037
16044
16050
16058
16059
16065
16071
16084
16092
16095
16101
16112
16121
16123
16125
16134
16141
16143
16153
16155
16170
16181
16182
16208
16210
16216
16221
16222
16230
16233
16237
16243
16260
16265
16267
16275
16281
16282
16292
16293
16296
16297
16304
16308
16313
16316
16317
16319
16321
16322
16337
16341
16344
16346
16347
16348
16395
16396
16398
16410
16411
16414
16417
16421
16422
16430
16431
16432
16445
16446
16449
16452
16460
16461
16464
16465
16474
16484
16486
16490
16503
16509
16510
16511
16514
16518
16523
16527
16529
16536
16553
16555
16558
16588
16591
16600
16602
16603
16622
16632
16646
16651
16658
16662
16663
16678
16688
16693
16697
16704
16707
16714
16716
16741
16746
16747
16752
16754
16756
16762
16764
16767
16771
16775
16799
16802
16814
16820
16836
16838
16853
16854
16857
16859
16864
16879
16883
16885
16889
16896
16902
16903
16910
16916
16921
16926
16927
16930
16933
16934
16937
16959
16963
16968
16971
16973
16974
16979
16983
16989
16990
16994
16007
16049
16051
16055
16068
16075
16078
16081
16094
16122
16169
16189
16254
16272
16290
16299
16305
16320
16325
16334
16351
16352
16384
16402
16433
16466
16467
16476
16547
16609
16610
16617
16627
16631
16641
16661
16666
16676
16692
16758
16768
16779
16792
16794
16822
16825
16830
16846
16848
16923
16949
16984
17034
17035
17104
17122
17124
17127
17225
17230
17239
17260
17262
17315
17341
17349
17375
17402
17404
17429
17451
17473
17474
17503
17511
17512
17531
17533
17538
17548
17558
17560
17571
17595
17602
17615
17655
17678
17681
17686
17697
17704
17719
17783
17796
17850
17860
17864
17881
17885
17898
17943
17007
17020
17025
17030
17032
17039
17040
17041
17045
17046
17057
17059
17066
17077
17082
17083
17087
17093
17101
17110
17119
17134
17137
17140
17144
17145
17146
17151
17156
17157
17160
17173
17175
17177
17180
17181
17191
17192
17195
17197
17199
17203
17205
17218
17219
17227
17232
17235
17238
17240
17243
17246
17249
17255
17264
17280
17293
17294
17297
17301
17310
17318
17321
17327
17331
17333
17336
17348
17356
17369
17371
17372
17376
17379
17382
17387
17397
17400
17417
17418
17422
17436
17440
17447
17455
17457
17458
17459
17464
17470
17476
17485
17487
17493
17494
17498
17501
17514
17517
17543
17546
17552
17553
17564
17567
17570
17574
17575
17580
17593
17597
17600
17603
17621
17624
17626
17629
17631
17635
17638
17640
17653
17657
17661
17662
17663
17664
17667
17672
17673
17692
17694
17696
17698
17716
17718
17725
17728
17730
17732
17733
17737
17744
17749
17763
17767
17778
17784
17797
17798
17799
17802
17811
17817
17819
17820
17822
17824
17832
17844
17846
17851
17853
17862
17888
17892
17895
17908
17911
17923
17925
17932
17934
17935
17937
17947
17957
17958
17959
17969
17973
17979
17994
17029
17033
17064
17121
17123
17129
17130
17165
17178
17182
17187
17208
17215
17233
17242
17274
17276
17290
17323
17342
17355
17377
17438
17439
17449
17450
17461
17463
17479
17510
17522
17523
17530
17573
17584
17588
17649
17703
17712
17768
17806
17812
17813
17848
17868
17875
17970
17971
18045
18047
18075
18120
18127
18172
18212
18232
18240
18315
18317
18351
18362
18371
18378
18384
18396
18421
18433
18438
18468
18513
18516
18520
18525
18537
18556
18564
18636
18648
18673
18710
18727
18770
18781
18817
18848
18885
18906
18958
18964
18977
18054
18077
18098
18117
18123
18133
18188
18190
18220
18261
18281
18290
18319
18338
18437
18439
18465
18501
18530
18620
18627
18660
18692
18750
18765
18804
18808
18835
18979
18980
18001
18009
18011
18018
18020
18024
18029
18032
18039
18041
18044
18050
18070
18072
18080
18084
18091
18092
18096
18104
18105
18109
18113
18114
18116
18122
18132
18138
18141
18149
18153
18159
18186
18189
18194
18202
18207
18214
18217
18223
18224
18237
18241
18248
18254
18265
18287
18292
18293
18297
18299
18312
18316
18322
18326
18329
18347
18353
18360
18366
18374
18376
18391
18406
18415
18435
18441
18447
18449
18464
18472
18473
18495
18504
18509
18514
18518
18534
18536
18541
18547
18548
18551
18566
18572
18579
18587
18590
18602
18604
18618
18622
18629
18631
18638
18639
18643
18655
18656
18658
18666
18671
18675
18680
18687
18691
18695
18698
18703
18704
18711
18713
18719
18721
18729
18731
18743
18747
18761
18762
18773
18778
18792
18794
18797
18806
18816
18818
18821
18824
18831
18836
18842
18844
18846
18849
18855
18860
18862
18865
18866
18871
18887
18898
18902
18924
18932
18939
18944
18946
18948
18965
18967
18972
18975
18984
18992
18998
18026
18055
18079
18088
18100
18128
18134
18140
18165
18182
18183
18227
18235
18243
18259
18305
18335
18337
18352
18382
18454
18483
18486
18512
18552
18555
18559
18562
18565
18567
18574
18605
18623
18633
18647
18651
18653
18683
18717
18752
18774
18786
18826
18851
18892
18922
18935
18951
18974
19010
19011
19073
19157
19167
19181
19209
19234
19242
19253
19264
19293
19357
19363
19376
19392
19395
19410
19440
19442
19518
19520
19527
19565
19569
19584
19598
19602
19605
19658
19660
19662
19681
19695
19703
19746
19764
19798
19810
19812
19817
19820
19851
19855
19910
19945
19964
19981
19017
19020
19025
19054
19058
19089
19101
19126
19168
19182
19191
19198
19207
19221
19237
19245
19263
19286
19303
19313
19345
19349
19364
19365
19373
19383
19406
19417
19439
19460
19482
19485
19494
19505
19531
19536
19543
19544
19553
19574
19586
19599
19614
19622
19639
19648
19654
19702
19712
19718
19733
19737
19761
19796
19811
19814
19818
19831
19839
19884
19897
19908
19913
19922
19950
19957
19966
19967
19972
19988
19991
19013
19019
19024
19034
19048
19050
19062
19063
19072
19083
19085
19086
19088
19091
19105
19107
19115
19131
19134
19143
19150
19158
19162
19164
19165
19169
19170
19175
19193
19195
19197
19210
19220
19224
19233
19238
19240
19281
19282
19294
19302
19315
19323
19325
19327
19330
19360
19377
19378
19385
19388
19399
19413
19428
19454
19478
19488
19501
19508
19513
19517
19524
19530
19534
19548
19559
19570
19571
19573
19579
19583
19603
19613
19615
19621
19626
19634
19637
19642
19651
19671
19686
19692
19709
19711
19717
19725
19730
19732
19736
19747
19748
19751
19763
19765
19771
19776
19779
19780
19790
19800
19816
19833
19834
19840
19892
19904
19919
19935
19938
19942
19970
19009
19015
19021
19023
19037
19102
19111
19127
19144
19153
19194
19205
19215
19217
19232
19241
19250
19251
19259
19260
19261
19277
19288
19307
19346
19384
19402
19433
19441
19459
19463
19497
19500
19502
19509
19512
19562
19566
19575
19580
19600
19604
19650
19659
19683
19690
19691
19701
19704
19706
19715
19723
19743
19756
19791
19801
19803
19806
19836
19842
19856
19874
19888
19898
19918
19926
19928
20004
20007
20031
20045
20103
20128
20140
20182
20226
20250
20257
20258
20260
20278
20293
20304
20372
20382
20405
20426
20451
20458
20478
20484
20511
20515
20521
20551
20593
20627
20648
20695
20709
20720
20730
20746
20757
20844
20845
20852
20884
20891
20947
20006
20010
20011
20015
20016
20020
20021
20025
20026
20032
20036
20038
20044
20046
20049
20054
20056
20057
20068
20073
20080
20084
20088
20090
20094
20095
20099
20100
20101
20104
20105
20108
20110
20112
20124
20134
20139
20142
20153
20158
20163
20172
20173
20174
20179
20180
20184
20187
20188
20193
20194
20195
20199
20202
20204
20223
20225
20234
20241
20243
20244
20251
20266
20269
20270
20272
20277
20288
20290
20296
20298
20300
20302
20314
20317
20319
20320
20324
20326
20330
20336
20341
20351
20359
20360
20363
20364
20366
20371
20377
20379
20383
20384
20389
20406
20414
20419
20420
20424
20429
20430
20435
20438
20441
20447
20448
20461
20465
20474
20476
20483
20489
20498
20499
20504
20509
20516
20519
20520
20526
20529
20531
20533
20536
20560
20567
20572
20575
20576
20584
20588
20589
20599
20602
20606
20609
20616
20617
20618
20619
20625
20629
20632
20643
20645
20668
20672
20673
20678
20680
20681
20685
20686
20690
20697
20700
20702
20703
20704
20706
20714
20718
20719
20722
20725
20731
20732
20738
20739
20744
20747
20749
20750
20751
20756
20759
20760
20761
20764
20765
20768
20771
20773
20777
20779
20782
20783
20784
20790
20806
20808
20816
20818
20822
20823
20825
20837
20838
20842
20843
20847
20872
20882
20887
20893
20898
20903
20905
20906
20919
20923
20924
20925
20929
20930
20932
20938
20948
20950
20952
20961
20963
20965
20967
20974
20983
20987
20991
20993
20996
21003
21018
21035
21038
21055
21068
21071
21079
21088
21089
21108
21110
21126
21128
21142
21154
21173
21177
21191
21194
21218
21242
21244
21250
21270
21276
21282
21288
21302
21324
21328
21330
21351
21354
21362
21366
21372
21373
21413
21449
21457
21460
21509
21515
21518
21521
21590
21591
21601
21613
21662
21671
21680
21700
21702
21712
21713
21723
21725
21741
21750
21776
21777
21787
21792
21793
21797
21818
21860
21893
21895
21935
21952
21968
21037
21050
21063
21069
21072
21133
21134
21147
21148
21165
21182
21203
21205
21214
21215
21229
21241
21245
21278
21285
21290
21296
21309
21312
21316
21345
21353
21363
21364
21391
21399
21402
21412
21423
21428
21432
21444
21471
21490
21498
21499
21526
21532
21551
21570
21571
21615
21618
21665
21683
21708
21721
21748
21753
21768
21788
21826
21848
21852
21857
21861
21863
21875
21900
21905
21909
21922
21927
21936
21950
21958
21962
21975
21980
21993
21998
21008
21043
21049
21057
21059
21065
21083
21087
21092
21096
21101
21104
21119
21131
21135
21136
21184
21185
21195
21201
21212
21223
21224
21234
21237
21238
21239
21251
21252
21253
21261
21274
21295
21301
21306
21340
21343
21344
21357
21369
21388
21393
21415
21422
21426
21443
21447
21458
21462
21470
21482
21488
21494
21501
21504
21517
21524
21540
21546
21561
21565
21568
21573
21576
21577
21581
21605
21608
21610
21619
21628
21629
21633
21634
21636
21638
21646
21649
21655
21661
21663
21674
21676
21681
21697
21703
21706
21714
21719
21724
21732
21733
21755
21756
21782
21798
21810
21812
21813
21820
21824
21833
21834
21851
21856
21872
21876
21888
21896
21910
21913
21921
21931
21943
21946
21960
21964
21971
21978
21989
21990
22001
22029
22032
22036
22063
22072
22074
22076
22093
22096
22102
22105
22128
22147
22148
22172
22178
22191
22204
22220
22224
22226
22228
22244
22253
22285
22293
22308
22333
22334
22339
22341
22345
22350
22370
22371
22399
22414
22427
22432
22434
22442
22448
22449
22453
22458
22463
22499
22503
22537
22540
22546
22563
22571
22573
22581
22587
22605
22608
22618
22619
22631
22640
22649
22678
22693
22698
22702
22710
22730
22734
22781
22787
22796
22808
22809
22816
22822
22832
22835
22838
22841
22844
22855
22856
22857
22875
22897
22900
22905
22920
22928
22950
22974
22979
22987
22995
22002
22013
22015
22021
22041
22044
22055
22059
22067
22070
22073
22087
22108
22109
22118
22122
22124
22129
22135
22140
22142
22164
22166
22170
22173
22180
22187
22188
22192
22194
22200
22237
22249
22262
22276
22280
22287
22290
22298
22321
22325
22329
22356
22377
22385
22386
22387
22389
22397
22398
22421
22430
22454
22474
22480
22494
22506
22515
22517
22530
22547
22554
22555
22557
22559
22574
22578
22580
22582
22590
22591
22595
22599
22612
22638
22647
22659
22674
22687
22691
22695
22708
22727
22737
22750
22752
22757
22768
22784
22794
22801
22802
22828
22839
22849
22860
22907
22924
22925
22968
22975
22991
22005
22008
22009
22011
22012
22020
22033
22058
22066
22068
22081
22086
22091
22117
22133
22144
22161
22169
22176
22206
22207
22213
22218
22221
22242
22255
22261
22266
22270
22302
22306
22319
22327
22347
22358
22363
22367
22393
22401
22415
22429
22443
22466
22491
22498
22505
22528
22534
22539
22542
22545
22558
22569
22596
22604
22606
22632
22637
22646
22653
22655
22657
22664
22665
22666
22667
22675
22685
22699
22701
22716
22719
22741
22743
22748
22761
22786
22790
22797
22807
22810
22824
22825
22842
22850
22858
22873
22878
22880
22881
22887
22903
22917
22919
22933
22943
22951
22952
22970
22981
23000
23004
23013
23018
23024
23031
23037
23038
23042
23049
23052
23056
23068
23076
23083
23085
23086
23089
23090
23092
23100
23109
23110
23130
23132
23136
23138
23144
23149
23151
23156
23162
23170
23172
23173
23181
23184
23195
23197
23199
23200
23205
23206
23208
23212
23214
23218
23220
23223
23252
23254
23259
23260
23262
23266
23268
23270
23271
23281
23290
23298
23315
23323
23329
23334
23338
23340
23341
23353
23354
23355
23366
23379
23383
23398
23400
23408
23420
23425
23430
23439
23444
23460
23467
23470
23483
23485
23496
23497
23499
23503
23506
23510
23515
23528
23536
23544
23552
23559
23563
23567
23569
23578
23588
23592
23617
23619
23637
23638
23644
23646
23651
23662
23663
23667
23668
23676
23688
23696
23699
23719
23721
23725
23741
23742
23767
23769
23770
23771
23785
23797
23801
23803
23806
23808
23811
23818
23820
23825
23831
23835
23839
23856
23858
23859
23867
23877
23878
23885
23891
23894
23903
23904
23912
23917
23923
23924
23927
23934
23939
23943
23945
23954
23955
23976
23980
23981
23987
23988
23990
23994
23007
23022
23035
23050
23071
23112
23115
23135
23154
23157
23160
23174
23177
23180
23192
23196
23219
23244
23256
23269
23275
23295
23303
23319
23322
23326
23330
23359
23387
23391
23429
23438
23458
23508
23520
23533
23538
23540
23546
23609
23616
23627
23636
23666
23669
23671
23706
23707
23756
23763
23773
23779
23787
23799
23819
23828
23855
23861
23869
23889
23899
23901
23926
23966
23971
23975
23992
23002
23012
23016
23036
23040
23044
23057
23078
23080
23088
23097
23133
23142
23148
23169
23171
23175
23227
23235
23238
23264
23349
23356
23377
23418
23443
23453
23457
23473
23490
23511
23525
23568
23639
23647
23678
23679
23689
23690
23697
23702
23724
23731
23824
23827
23851
23880
23911
23928
23933
23949
23970
23977
24003
24007
24014
24016
24021
24037
24039
24042
24044
24050
24052
24055
24061
24070
24079
24080
24089
24090
24095
24102
24104
24108
24111
24112
24127
24129
24138
24141
24148
24153
24156
24162
24165
24167
24189
24202
24210
24224
24236
24249
24259
24279
24282
24286
24292
24293
24296
24300
24309
24310
24317
24323
24324
24327
24342
24344
24345
24355
24359
24365
24367
24373
24381
24383
24385
24389
24399
24400
24402
24405
24412
24421
24422
24432
24445
24448
24452
24458
24459
24460
24463
24471
24479
24491
24492
24494
24496
24498
24507
24514
24518
24523
24528
24530
24545
24546
24548
24556
24559
24563
24567
24569
24571
24587
24592
24598
24604
24616
24622
24627
24631
24643
24648
24650
24656
24658
24664
24665
24674
24679
24683
24685
24690
24694
24696
24697
24706
24708
24714
24715
24718
24722
24730
24731
24738
24743
24744
24767
24772
24774
24779
24781
24790
24792
24794
24803
24804
24805
24807
24812
24826
24832
24834
24835
24844
24858
24860
24861
24868
24870
24885
24887
24888
24890
24892
24893
24900
24908
24912
24913
24926
24929
24961
24963
24967
24973
24976
24980
24984
24997
24025
24029
24033
24045
24057
24063
24065
24066
24072
24075
24076
24083
24084
24135
24140
24173
24185
24196
24198
24204
24205
24215
24218
24244
24245
24248
24253
24262
24267
24276
24278
24287
24295
24305
24319
24332
24333
24337
24351
24366
24371
24382
24424
24428
24438
24443
24446
24461
24470
24473
24476
24481
24482
24520
24527
24529
24535
24551
24561
24562
24575
24578
24594
24602
24613
24618
24639
24645
24670
24671
24692
24701
24725
24726
24758
24771
24791
24795
24802
24818
24823
24847
24853
24863
24872
24879
24905
24927
24937
24940
24949
24951
24969
24977
24978
24987
25000
25005
25010
25012
25015
25029
25047
25048
25052
25057
25059
25064
25069
25075
25076
25080
25083
25087
25094
25096
25099
25100
25114
25128
25132
25135
25138
25140
25150
25152
25159
25162
25184
25186
25187
25209
25213
25216
25217
25221
25222
25228
25256
25260
25261
25262
25263
25273
25277
25280
25305
25311
25316
25335
25350
25356
25357
25360
25361
25371
25376
25378
25387
25388
25394
25397
25409
25417
25422
25430
25439
25443
25445
25451
25453
25486
25487
25498
25525
25538
25540
25543
25564
25567
25571
25573
25578
25584
25586
25608
25610
25614
25620
25624
25626
25630
25642
25645
25650
25662
25669
25679
25682
25685
25694
25701
25714
25715
25737
25740
25749
25753
25806
25807
25821
25837
25842
25848
25850
25855
25856
25867
25876
25889
25892
25904
25918
25920
25924
25940
25954
25963
25968
25969
25973
25976
25978
25992
25994
25998
25019
25050
25053
25068
25073
25118
25119
25141
25143
25181
25188
25233
25240
25244
25246
25264
25288
25313
25317
25333
25339
25351
25353
25362
25363
25379
25405
25408
25425
25467
25474
25521
25579
25585
25627
25631
25634
25641
25651
25655
25666
25678
25709
25721
25723
25728
25754
25755
25766
25779
25792
25819
25833
25835
25853
25866
25870
25879
25881
25903
25916
25919
25932
25942
25945
25971
25972
25981
25989
25999
25009
25014
25022
25024
25036
25066
25089
25109
25158
25166
25190
25211
25257
25267
25269
25270
25299
25302
25321
25334
25383
25392
25398
25399
25413
25423
25452
25496
25500
25516
25522
25570
25602
25603
25623
25625
25643
25644
25659
25689
25696
25785
25798
25804
25808
25810
25828
25859
25865
25887
25894
25913
25926
25941
25952
25953
25979
25983
25990
26003
26088
26107
26114
26122
26126
26127
26142
26166
26179
26190
26197
26203
26207
26211
26224
26234
26245
26249
26291
26357
26373
26385
26388
26393
26416
26430
26442
26467
26477
26478
26483
26508
26522
26532
26571
26605
26607
26620
26631
26648
26696
26711
26717
26746
26763
26769
26799
26807
26825
26826
26845
26918
26936
26988
26997
26002
26008
26028
26029
26033
26040
26043
26046
26048
26050
26052
26054
26057
26064
26065
26092
26098
26105
26111
26121
26125
26139
26149
26150
26151
26172
26174
26177
26187
26189
26194
26200
26214
26218
26228
26244
26250
26256
26264
26268
26269
26270
26276
26281
26283
26290
26295
26299
26307
26322
26333
26341
26342
26352
26353
26366
26376
26377
26392
26398
26420
26435
26438
26443
26450
26454
26455
26471
26485
26506
26521
26528
26533
26537
26572
26584
26585
26589
26611
26616
26619
26644
26650
26654
26662
26663
26666
26683
26710
26712
26732
26740
26756
26764
26768
26771
26777
26781
26804
26806
26811
26816
26827
26853
26861
26862
26865
26886
26889
26892
26896
26898
26904
26905
26909
26911
26916
26923
26952
26961
26963
26964
26992
26998
26016
26020
26023
26024
26026
26042
26116
26124
26132
26148
26157
26185
26192
26212
26289
26297
26303
26316
26330
26338
26344
26368
26414
26421
26457
26475
26480
26484
26505
26519
26534
26544
26546
26549
26556
26582
26592
26630
26659
26667
26701
26722
26742
26767
26785
26814
26842
26844
26848
26854
26879
26901
26912
26931
26940
26945
26975
26984
27001
27010
27017
27021
27025
27030
27031
27036
27041
27064
27068
27077
27078
27087
27093
27096
27120
27122
27131
27132
27135
27144
27148
27152
27156
27168
27171
27179
27182
27183
27189
27193
27256
27271
27301
27317
27341
27345
27359
27362
27372
27380
27381
27417
27430
27439
27447
27469
27470
27474
27479
27492
27495
27519
27520
27547
27549
27558
27561
27566
27587
27594
27601
27605
27619
27628
27636
27642
27662
27678
27683
27684
27692
27693
27716
27726
27734
27754
27757
27762
27771
27797
27801
27808
27819
27820
27845
27850
27852
27856
27859
27862
27879
27897
27908
27911
27919
27933
27940
27956
27974
27979
27981
27994
27002
27014
27015
27034
27038
27074
27101
27103
27104
27113
27121
27161
27162
27178
27187
27200
27203
27204
27218
27237
27239
27251
27258
27259
27265
27306
27318
27327
27349
27358
27371
27379
27383
27407
27411
27426
27436
27453
27521
27539
27553
27559
27567
27591
27593
27595
27615
27629
27631
27639
27643
27644
27724
27792
27806
27812
27815
27823
27891
27900
27912
27913
27941
27963
27992
27000
27004
27006
27042
27072
27097
27105
27106
27118
27119
27142
27147
27158
27172
27194
27211
27230
27235
27249
27268
27273
27274
27279
27283
27285
27304
27330
27335
27351
27355
27361
27368
27377
27401
27403
27406
27408
27420
27424
27443
27449
27451
27463
27483
27498
27511
27513
27525
27527
27535
27536
27538
27541
27565
27596
27611
27625
27633
27649
27654
27661
27668
27676
27694
27704
27713
27721
27733
27737
27745
27796
27798
27837
27840
27841
27846
27861
27873
27874
27885
27894
27901
27903
27915
27925
27954
27959
27961
27968
27969
27982
27984
27986
27996
28008
28011
28014
28028
28032
28034
28036
28039
28040
28043
28044
28048
28049
28051
28053
28057
28060
28088
28099
28102
28106
28107
28109
28130
28133
28136
28142
28148
28150
28160
28164
28176
28178
28191
28196
28199
28200
28204
28207
28212
28217
28225
28229
28240
28241
28249
28257
28263
28264
28278
28290
28294
28306
28316
28317
28337
28349
28354
28358
28384
28394
28395
28401
28406
28408
28410
28413
28414
28427
28428
28430
28443
28446
28451
28454
28457
28462
28471
28473
28475
28484
28495
28505
28506
28507
28512
28523
28525
28528
28533
28545
28552
28553
28576
28580
28584
28591
28592
28596
28613
28617
28629
28637
28644
28652
28667
28671
28681
28684
28689
28699
28701
28705
28706
28718
28720
28721
28729
28739
28748
28753
28756
28758
28763
28779
28788
28793
28795
28803
28806
28812
28813
28822
28824
28826
28828
28829
28843
28851
28855
28858
28865
28868
28872
28882
28883
28893
28896
28902
28907
28908
28920
28924
28939
28952
28967
28971
28974
28978
28980
28982
28000
28006
28021
28023
28026
28029
28030
28033
28035
28041
28042
28067
28076
28103
28108
28127
28143
28158
28161
28172
28173
28177
28180
28189
28194
28197
28205
28206
28208
28214
28230
28231
28235
28236
28239
28244
28246
28254
28256
28268
28277
28279
28288
28295
28300
28313
28324
28336
28340
28344
28347
28351
28361
28365
28368
28371
28374
28383
28392
28403
28424
28433
28437
28450
28467
28469
28470
28491
28492
28497
28540
28548
28549
28556
28569
28607
28632
28639
28669
28679
28708
28717
28726
28732
28742
28755
28757
28761
28762
28764
28774
28781
28782
28786
28790
28791
28794
28796
28797
28801
28810
28814
28816
28820
28821
28831
28841
28857
28859
28866
28870
28876
28878
28879
28889
28890
28897
28900
28925
28927
28937
28941
28947
28955
28956
28968
28973
28979
28986
28991
28996
28999
29016
29026
29030
29043
29046
29047
29068
29070
29073
29076
29086
29102
29128
29130
29134
29138
29139
29143
29148
29157
29171
29174
29175
29194
29196
29211
29228
29230
29233
29247
29251
29257
29263
29265
29269
29270
29273
29284
29291
29296
29307
29323
29328
29333
29340
29346
29347
29368
29369
29371
29373
29377
29378
29382
29391
29400
29410
29412
29447
29456
29471
29474
29480
29482
29494
29497
29503
29504
29510
29516
29541
29542
29544
29566
29570
29591
29600
29602
29603
29605
29609
29611
29619
29623
29627
29635
29648
29654
29661
29663
29666
29673
29719
29725
29728
29729
29730
29733
29741
29742
29744
29745
29748
29753
29754
29756
29761
29764
29799
29823
29824
29829
29830
29832
29846
29861
29862
29863
29866
29867
29875
29877
29884
29893
29898
29911
29912
29920
29927
29938
29949
29960
29963
29964
29968
29970
29971
29984
29001
29005
29011
29025
29027
29032
29044
29048
29055
29061
29062
29063
29065
29066
29077
29081
29096
29133
29136
29145
29147
29154
29156
29159
29178
29188
29193
29201
29202
29203
29210
29238
29240
29254
29259
29260
29264
29276
29280
29287
29288
29342
29348
29349
29355
29356
29360
29374
29393
29398
29406
29407
29418
29420
29424
29434
29449
29454
29455
29461
29462
29468
29472
29476
29505
29509
29511
29515
29523
29524
29528
29529
29538
29540
29550
29571
29574
29576
29577
29584
29587
29601
29608
29651
29665
29670
29678
29682
29690
29703
29713
29720
29723
29724
29731
29740
29783
29785
29790
29791
29811
29815
29842
29844
29857
29871
29873
29874
29881
29886
29896
29897
29899
29901
29903
29909
29921
29939
29941
29966
29972
29976
29979
29981
29982
29999
30012
30014
30018
30019
30029
30034
30039
30048
30062
30065
30068
30088
30090
30091
30102
30116
30117
30121
30124
30128
30131
30138
30155
30164
30167
30168
30170
30174
30176
30180
30182
30199
30208
30215
30221
30223
30238
30239
30249
30259
30261
30269
30286
30293
30300
30301
30303
30304
30316
30326
30345
30359
30367
30372
30379
30395
30396
30417
30418
30426
30430
30440
30443
30460
30470
30478
30482
30492
30500
30507
30513
30532
30538
30539
30555
30586
30590
30591
30593
30595
30632
30635
30638
30666
30677
30678
30692
30695
30705
30718
30720
30741
30750
30752
30756
30760
30761
30762
30774
30783
30784
30785
30789
30800
30801
30803
30813
30817
30822
30828
30842
30869
30871
30891
30910
30918
30925
30944
30946
30953
30957
30960
30966
30968
30993
30996
30033
30055
30085
30089
30115
30118
30158
30165
30172
30178
30245
30251
30253
30311
30363
30405
30424
30425
30428
30429
30463
30466
30493
30526
30530
30536
30601
30615
30630
30650
30685
30715
30764
30769
30794
30797
30814
30829
30839
30872
30950
30962
30984
30016
30024
30028
30031
30059
30083
30112
30129
30183
30210
30212
30214
30217
30228
30232
30243
30244
30258
30268
30274
30278
30284
30294
30309
30322
30323
30335
30341
30351
30358
30365
30368
30382
30387
30401
30406
30409
30450
30453
30456
30465
30483
30487
30501
30502
30510
30525
30527
30548
30562
30565
30575
30578
30588
30596
30609
30620
30636
30651
30652
30657
30688
30689
30694
30701
30712
30719
30721
30723
30736
30743
30763
30798
30853
30857
30874
30877
30894
30900
30904
30930
30934
30948
30954
31004
31055
31090
31120
31124
31128
31154
31187
31207
31208
31209
31241
31257
31277
31403
31417
31418
31435
31478
31515
31531
31595
31607
31625
31684
31726
31743
31763
31769
31814
31819
31824
31948
31953
31975
31988
31006
31020
31038
31046
31063
31064
31065
31077
31082
31096
31104
31127
31131
31144
31148
31150
31160
31163
31167
31183
31195
31201
31203
31210
31212
31216
31226
31235
31244
31258
31260
31267
31286
31292
31310
31312
31322
31329
31341
31347
31349
31357
31366
31379
31411
31412
31423
31428
31430
31441
31451
31454
31483
31488
31497
31526
31550
31551
31558
31560
31576
31581
31582
31589
31616
31631
31647
31648
31649
31657
31659
31670
31673
31675
31693
31702
31715
31730
31731
31751
31770
31772
31781
31787
31789
31793
31843
31851
31859
31874
31897
31900
31903
31904
31908
31949
31954
31965
31967
31994
31995
31009
31013
31025
31028
31041
31052
31053
31056
31057
31070
31099
31100
31117
31118
31142
31151
31153
31157
31166
31170
31174
31179
31196
31211
31217
31240
31249
31256
31265
31281
31283
31289
31311
31336
31337
31340
31345
31361
31362
31364
31387
31402
31407
31413
31416
31446
31455
31457
31472
31476
31477
31491
31495
31507
31518
31534
31571
31596
31608
31618
31622
31623
31633
31635
31650
31652
31662
31665
31672
31682
31695
31718
31720
31728
31734
31744
31749
31762
31766
31775
31791
31796
31812
31818
31820
31836
31852
31854
31858
31869
31870
31882
31899
31902
31916
31926
31928
31932
31941
31947
31961
31971
31980
31986
31991
32016
32017
32023
32029
32031
32039
32043
32050
32055
32058
32059
32066
32070
32071
32072
32073
32094
32115
32118
32124
32127
32128
32132
32138
32145
32147
32160
32167
32177
32191
32203
32205
32209
32214
32235
32236
32240
32246
32250
32252
32255
32260
32265
32267
32278
32282
32284
32288
32292
32300
32307
32311
32314
32333
32346
32354
32361
32362
32366
32369
32387
32399
32400
32409
32416
32417
32423
32425
32428
32435
32437
32438
32441
32460
32465
32468
32475
32477
32487
32490
32495
32502
32503
32504
32507
32512
32515
32517
32526
32531
32534
32555
32557
32558
32567
32568
32571
32580
32590
32603
32616
32641
32642
32647
32671
32686
32687
32688
32692
32701
32702
32711
32716
32728
32731
32749
32753
32769
32772
32780
32783
32784
32788
32807
32808
32812
32817
32823
32835
32840
32842
32845
32849
32868
32878
32879
32887
32904
32908
32922
32927
32930
32931
32941
32945
32948
32951
32962
32970
32972
32973
32974
32975
32984
32991
32994
32999
32003
32014
32061
32062
32069
32091
32116
32129
32134
32168
32169
32172
32180
32207
32248
32249
32274
32291
32313
32316
32324
32338
32359
32431
32434
32459
32489
32493
32497
32527
32539
32549
32619
32637
32646
32653
32669
32673
32680
32715
32743
32747
32819
32834
32841
32847
32852
32875
32877
32886
32897
32903
32963
32980
32985
32997
32002
32038
32077
32082
32086
32095
32100
32121
32130
32141
32144
32166
32179
32189
32199
32210
32211
32233
32245
32322
32323
32330
32335
32342
32381
32392
32396
32426
32439
32450
32466
32516
32518
32532
32535
32586
32587
32589
32591
32596
32602
32607
32634
32667
32697
32723
32766
32775
32776
32802
32803
32811
32860
32881
32890
32896
32924
32926
32937
32971
32981
32989
32990
32993
33007
33008
33010
33012
33019
33020
33025
33026
33030
33034
33042
33044
33045
33049
33050
33054
33060
33063
33069
33071
33072
33075
33076
33078
33083
33088
33090
33091
33092
33093
33094
33098
33101
33103
33104
33105
33106
33111
33112
33114
33115
33118
33119
33120
33122
33129
33130
33136
33137
33140
33141
33143
33148
33155
33156
33158
33160
33168
33169
33172
33182
33193
33196
33197
33198
33206
33210
33211
33215
33216
33224
33225
33228
33230
33233
33234
33235
33236
33241
33243
33245
33248
33256
33258
33259
33276
33291
33292
33293
33299
33300
33303
33304
33305
33306
33319
33320
33322
33347
33348
33359
33361
33363
33364
33367
33368
33375
33379
33386
33387
33389
33391
33397
33398
33403
33417
33429
33433
33434
33443
33447
33452
33458
33468
33478
33479
33481
33485
33486
33490
33493
33496
33498
33499
33500
33508
33511
33512
33513
33515
33518
33522
33524
33526
33534
33539
33540
33545
33547
33548
33549
33560
33562
33567
33570
33580
33584
33593
33596
33598
33599
33602
33604
33620
33625
33631
33632
33636
33638
33640
33647
33649
33654
33656
33669
33672
33673
33675
33677
33688
33689
33692
33696
33697
33698
33703
33715
33718
33721
33734
33736
33737
33741
33749
33750
33755
33758
33759
33762
33768
33769
33772
33776
33780
33781
33787
33789
33792
33793
33794
33795
33800
33801
33802
33804
33808
33811
33815
33816
33818
33819
33820
33822
33824
33825
33830
33831
33832
33837
33838
33840
33841
33844
33848
33853
33869
33872
33873
33874
33878
33886
33887
33889
33898
33905
33907
33911
33915
33917
33918
33922
33924
33927
33930
33937
33944
33946
33948
33950
33951
33955
33968
33971
33972
33973
33976
33978
33980
33981
33983
33986
33994
33996
34029
34044
34062
34084
34089
34110
34204
34345
34352
34360
34380
34411
34415
34446
34485
34506
34529
34590
34641
34663
34670
34687
34688
34691
34712
34739
34740
34755
34762
34770
34784
34798
34839
34844
34870
34917
34934
34974
34984
34006
34008
34024
34058
34139
34162
34167
34181
34186
34194
34211
34236
34251
34252
34259
34275
34310
34349
34384
34386
34434
34470
34476
34532
34554
34561
34600
34637
34689
34714
34727
34731
34752
34776
34788
34794
34795
34857
34880
34886
34975
34022
34030
34033
34037
34039
34047
34059
34071
34074
34078
34079
34088
34102
34122
34126
34132
34151
34155
34159
34165
34185
34190
34191
34203
34216
34233
34244
34260
34268
34287
34288
34289
34293
34297
34304
34332
34358
34362
34365
34382
34383
34405
34410
34417
34420
34426
34430
34438
34452
34458
34461
34463
34467
34468
34482
34484
34489
34492
34493
34499
34512
34534
34537
34585
34594
34607
34608
34613
34623
34627
34635
34658
34660
34681
34683
34684
34690
34715
34716
34733
34747
34758
34759
34796
34801
34803
34817
34830
34834
34858
34868
34877
34894
34897
34906
34912
34938
34942
34948
34955
34963
34964
34987
34989
34019
34038
34053
34060
34063
34076
34096
34105
34114
34119
34125
34145
34158
34192
34199
34223
34235
34242
34262
34267
34273
34286
34291
34318
34324
34335
34337
34338
34351
34374
34394
34396
34428
34443
34449
34454
34460
34477
34494
34507
34514
34517
34519
34526
34528
34546
34560
34579
34583
34584
34602
34619
34630
34632
34638
34652
34654
34668
34675
34685
34707
34723
34732
34744
34756
34766
34780
34799
34809
34816
34849
34866
34895
34908
34911
34913
34915
34921
34946
34960
34965
34969
34983
34986
