# 211 11 234
2
3
11
16
26
31
44
48
51
55
58
59
61
78
83
87
89
90
97
105
106
113
114
125
130
135
142
143
155
165
172
174
184
187
194
205
207
208
211
224
229
234
238
245
249
251
260
263
265
271
278
287
290
296
304
308
319
331
336
340
350
356
357
365
366
370
378
392
395
405
410
411
414
422
430
433
439
444
455
468
471
475
479
484
486
489
505
517
519
522
529
534
548
550
554
556
561
564
570
575
580
582
583
586
600
611
614
624
625
629
630
641
645
652
657
662
667
672
679
686
693
694
698
704
709
713
715
727
734
736
742
746
749
751
758
767
772
774
777
779
782
788
807
810
820
822
826
836
841
842
858
864
869
874
879
899
904
906
917
925
931
934
935
943
944
946
952
967
969
973
974
993
998
999
1002
1003
1012
1015
1018
1025
1031
1041
1042
1053
1059
1062
1069
1072
1079
1082
1087
1097
1099
1101
1103
1121
1123
1127
1131
1133
1139
1146
1152
1155
1157
1166
1174
1182
1186
1196
1199
