# 145 15 10
10
14
23
25
32
42
43
50
66
71
75
80
88
95
111
112
121
132
141
150
157
167
173
177
182
192
206
215
217
225
237
244
254
264
273
275
280
289
298
307
310
321
325
333
347
355
363
364
372
381
398
399
401
407
420
432
441
451
454
457
463
473
502
508
510
516
528
551
555
562
566
576
590
595
598
599
603
606
610
616
632
638
648
656
671
685
687
689
692
716
728
744
745
750
760
769
781
795
799
804
824
827
833
853
860
865
866
881
893
895
901
916
928
930
940
957
958
964
977
984
990
1005
1014
1024
1033
1043
1056
1057
1066
1068
1081
1085
1096
1111
1112
1118
1138
1144
1150
1163
1173
1181
1187
1191
1193
