# 226 13 1084
0
6
12
18
20
35
38
40
46
49
56
62
65
67
79
84
85
96
98
107
109
110
118
120
129
134
136
138
149
154
156
160
162
166
175
186
188
195
203
204
214
219
222
227
235
241
243
256
261
262
266
267
277
281
284
286
297
305
306
312
323
332
335
337
343
348
351
361
362
367
371
383
384
387
389
393
403
415
418
423
427
428
440
445
452
459
461
465
466
480
483
494
500
506
507
509
512
524
525
527
535
538
540
543
546
549
567
577
578
588
589
591
594
605
608
622
634
637
640
646
651
653
658
668
670
673
677
682
683
684
688
702
710
717
720
723
725
729
741
753
755
757
763
766
773
778
780
783
785
797
800
811
813
815
817
821
834
844
847
849
851
859
871
873
875
882
884
888
900
902
908
913
915
919
920
927
939
945
951
953
963
966
982
985
986
988
989
994
996
1008
1011
1016
1019
1029
1032
1039
1047
1055
1060
1061
1065
1077
1080
1084
1088
1094
1098
1105
1107
1117
1120
1134
1136
1140
1142
1147
1149
1154
1159
1165
1167
1176
1179
1185
1192
1195
