# 226 14 39
1
8
15
19
21
28
30
37
39
45
57
64
70
72
82
86
101
102
103
108
115
119
122
128
131
137
139
148
153
158
159
161
169
180
185
190
191
201
202
213
218
220
221
223
231
239
242
252
253
269
272
276
279
283
285
291
301
303
314
317
318
320
326
334
342
345
346
359
360
368
373
380
382
386
402
406
413
416
417
419
421
426
434
447
448
458
464
467
469
474
482
491
496
498
504
511
514
526
531
532
533
536
537
544
560
569
574
579
584
585
587
601
612
617
619
620
627
628
631
649
650
654
659
665
666
674
675
680
691
701
703
706
711
712
731
733
738
740
743
748
754
756
761
762
790
791
793
796
802
805
808
814
816
819
828
838
839
843
848
854
857
861
872
880
889
890
891
894
896
907
909
912
914
926
929
932
941
948
949
959
965
970
971
972
975
992
1006
1007
1009
1010
1013
1020
1022
1026
1036
1038
1045
1050
1052
1058
1064
1071
1073
1086
1090
1093
1102
1106
1113
1119
1124
1125
1126
1129
1141
1151
1156
1161
1164
1170
1171
1183
1188
1194
1197
1200
