# 226 12 210
7
9
13
17
22
27
34
41
47
52
60
63
69
73
74
91
92
94
99
100
104
117
123
127
133
144
146
147
152
163
164
168
171
176
181
196
197
199
209
210
212
228
230
232
236
240
246
250
257
258
268
270
282
292
294
295
300
302
313
315
322
327
329
339
341
352
353
358
369
374
375
379
385
388
390
400
408
424
425
435
437
438
443
446
449
453
460
470
477
481
488
490
495
499
501
515
521
530
539
541
545
553
557
559
563
565
572
581
592
593
596
597
607
613
615
618
626
633
636
639
642
647
655
664
676
678
681
690
696
699
700
705
714
718
721
724
730
737
739
747
752
765
768
771
775
784
787
792
794
798
803
809
812
818
823
825
829
840
845
850
852
856
867
877
878
883
885
887
892
897
910
918
922
923
933
936
938
947
950
954
956
960
976
979
980
983
995
1000
1001
1004
1017
1021
1027
1030
1035
1037
1046
1048
1051
1054
1063
1070
1076
1083
1089
1091
1100
1104
1108
1110
1114
1132
1135
1137
1143
1148
1153
1160
1162
1169
1172
1175
1177
1180
1184
1189
